deal_id	has_MR	prom_length	price	discount_pct	coupon_duration	featured	limited_supply	revenue	ps	ps_logit	revenue_scaled	ps_quintile	log_revenue
heli-flights	1	4	99	51	185	1	1	53460	0.25917879242946673	-1.0502411690522093	2.363168950290463	2	10.88668898969291
gl-champion-series-tennis-electric-factory	1	2	95	41	9	0	1	18050	0.23023628689404377	-1.2069774857601703	0.4088230367838857	2	9.800900963761027
realm-of-terror-horror-experience	1	3	25	50	38	0	1	9500	0.2884108105442425	-0.9031148745345173	-0.06306788556802725	3	9.159047077588632
newport-gourmet	1	3	50	50	369	0	1	4500	0.5117717798733834	0.04709582250580291	-0.33902748928259624	5	8.411832675758411
the-clayroom	1	4	25	52	185	0	1	14500	0.32520441934366995	-0.7299558343350827	0.21289171814654173	3	9.581903928408666
connors-farm	1	4	19	50	36	1	0	19000	0.37457920473056494	-0.512621420418201	0.4612553614896538	4	9.852194258148577
urban-kayaks-1	1	2	30	50	266	0	1	24600	0.5460746140664802	0.18482278583711068	0.7703301176499711	5	10.110501721920453
bell-view-acres-chicago	1	3	49	53	369	0	1	7840	0.5079694349432715	0.031880439672116394	-0.15468647400126415	5	8.966994113344454
slice-of-chicago-pizza	1	2	22	51	56	0	1	5720	0.3790631638084236	-0.4935265133818468	-0.2716933459762414	4	8.651724084373843
make-a-messterpiece-2	1	3	11	50	81	0	1	11000	0.34718377765805714	-0.6314413953828546	0.019719995546343443	4	9.305650551780507
odyssey-fun-farm	1	2	10	50	37	0	1	10000	0.3895187986264694	-0.4493353732669713	-0.03547192519657035	4	9.210340371976184
witches-cottage	1	6	10	58	33	0	0	2300	0.18635802413771763	-1.4738507516569168	-0.4604497149170066	1	7.7406644019172415
astoria-bowl-nyc-1	1	3	9	50	186	0	1	4590	0.43913601688309023	-0.24466922325545679	-0.33406021641573397	5	8.431635303054591
nj-childrens-museum-2	1	3	10	50	186	0	1	2800	0.4370203983586276	-0.2532635237680624	-0.4328537545455497	5	7.937374696163295
outdoor-bound-adventures-ny-1	1	4	29	52	368	0	1	9570	0.4699857122052418	-0.12020166960740883	-0.059204451116023286	5	9.166388484447
peoples-choice-family-fun	1	2	18	63	186	0	1	5940	0.47581678755014584	-0.09680838525674254	-0.25955112341280034	5	8.68946441235669
school-products-yarn	1	4	25	50	185	0	1	16000	0.32869733848666816	-0.7140827121042213	0.2956795992609124	3	9.680344001221918
studio-maya-nyc	1	3	39	61	369	0	0	3900	0.6037050010482091	0.4209267889965178	-0.3721426417283445	5	8.268731832117737
bev-art	1	3	49	51	186	0	1	13230	0.3551728314774648	-0.5963778048751189	0.1427979788030412	4	9.490242257109001
csi-experience-nyc	1	4	14	50	43	1	1	14000	0.30754819224472757	-0.8116068462368149	0.18529575777508484	3	9.546812608597396
imagine-lifestyles	1	4	159	68	36	0	1	159000	0.07357459314614037	-2.533033767482824	8.188124265497585	1	11.976659481202368
east-somerville-foodie-crawl	1	5	20	60	15	1	1	9200	0.20270408067243237	-1.3694787165401054	-0.0796254617909014	1	9.126958763037132
heaven-hill-farm-new-york	1	3	5	50	19	0	1	500	0.31043083278472594	-0.7981058914342257	-0.5597951722542515	3	6.214608098422191
stylefixx-boston	1	4	15	50	2	0	1	7200	0.2188687295960256	-1.27227107375626	-0.190009303276729	2	8.881836305004146
gl-stand-up-for-charity	1	3	34	51	16	0	1	4080	0.2561956350232252	-1.0658366980181437	-0.36220809599462	2	8.313852267398207
liberty-science-center-nyc-1	1	3	7	53	68	0	1	630	0.33925143734423313	-0.6666318426247091	-0.5526202225576726	4	6.4457198193855785
creepy-hallow-halloween-fun-park	1	2	12	50	22	0	1	3840	0.3730108735881822	-0.5193216273067808	-0.37545415697291934	4	8.253227645581772
devils-haven-haunted-house	1	2	20	50	21	0	0	11000	0.4439860991315569	-0.22500004182014477	0.019719995546343443	5	9.305650551780507
gl-walk-in-the-woods-timeline-theatre-company	1	3	15	56	24	0	1	1350	0.28616790685155263	-0.9140690455813351	-0.5128820396227747	3	7.2078598714324755
north-wall-chicago	1	2	35	56	217	0	1	8750	0.4804498679461596	-0.0782404165995233	-0.1044618261252126	5	9.07680897935166
harlem-lanes-nyc	1	3	10	57	186	0	0	5300	0.514440078728638	0.05777638154571143	-0.2948739526882652	5	8.575462099540212
gl-skokie-valley	1	3	18	51	3	0	0	1980	0.3526319700732723	-0.6074900226406476	-0.478111129554739	4	7.590852123688581
westgate-lanes-1	1	5	28	51	186	0	1	12600	0.254896193491939	-1.0726671683359286	0.10802706873500552	2	9.441452092939569
gl-columbia-football	1	3	10	50	16	0	1	1000	0.29908958801088875	-0.8516369246001741	-0.5321992118827945	3	6.907755278982137
chicago-chocolate-tour	1	2	22	45	369	1	1	22000	0.7238340542753277	0.9635602216489554	0.6268311237183952	5	9.998797732340453
nightmare-on-clark-street	1	2	12	60	3	0	1	2640	0.3394907863523197	-0.6655642656129122	-0.4416844618644159	4	7.878534196140362
manhattan-helicopters-1	1	4	149	32	186	1	1	50660	0.20988119462573632	-1.3256416899550092	2.208631572210305	2	10.832891923555666
heart-in-hands	1	5	20	50	369	0	0	1400	0.5036876823278155	0.014750996780234144	-0.510122443585629	5	7.24422751560335
dusable-museum	1	3	30	50	369	0	1	6900	0.5545277345713399	0.21898183275791874	-0.20656687949960312	5	8.83927669058535
rusty-wallace-boston	1	4	64	50	430	0	1	6400	0.45341084728206277	-0.18689876619074472	-0.23416283987106	5	8.764053269347762
little-shop-of-crafts-4	1	3	15	50	126	0	1	7800	0.3757972096172771	-0.5074256383894837	-0.1568941508309807	4	8.961879012677683
gl-musical-living-dead-cowardly-scarecrow	1	2	12	52	4	0	1	840	0.354675058480995	-0.5985519331551601	-0.5410299192016608	4	6.733401891837359
gl-smokers-club-tour-react-presents	1	3	13	55	10	0	1	6110	0.2812596922443203	-0.9382216929209843	-0.250168496886505	3	8.71768205216564
midamerica-raceway-and-hobbies	1	2	20	50	186	0	0	6000	0.5880170893083638	0.3557741413404342	-0.25623960816822555	5	8.699514748210191
gl-dom-irrera-wilbur-theatre	1	2	19	50	5	0	1	380	0.34540048054526695	-0.6393190709782326	-0.566418202743401	4	5.940171252720432
manhattan-ballroom-dance-1	1	3	29	64	186	0	1	6960	0.3710611666213426	-0.5276670891236018	-0.2032553642550283	4	8.847934753328465
cobble-hill-cinemas-1	1	3	15	59	95	0	1	15000	0.33448484496020287	-0.6879698379918626	0.24048767851799863	4	9.615805480084347
bronx-haunted-house	1	3	5	50	14	0	0	1000	0.3895725645249267	-0.44910927598396955	-0.5321992118827945	4	6.907755278982137
glenwood-roller-rink	1	3	12	52	73	0	1	1320	0.33535406940367507	-0.6840675664007747	-0.5145377972450621	4	7.1853870155804165
rotorzen-helicopters-chi	1	2	199	50	369	0	1	23880	0.2880097022227798	-0.9050701167596942	0.7305919347150731	3	10.080796567506539
gl-george-jones-genesee-theatre-1	1	2	25	55	11	0	1	1750	0.32972068680840827	-0.7094486184251813	-0.4908052713256092	4	7.4673710669175595
gl-national-event-partners-2	1	3	110	60	18	0	1	30800	0.14388468509273802	-1.7833928999464468	1.1125200262560366	1	10.335269968961667
gl-mercury-theater	1	2	15	50	3	0	1	750	0.35160731082766505	-0.6119815559964223	-0.5459971920685229	4	6.620073206530356
dhoonya-dance-nyc	1	3	35	56	186	0	0	9450	0.46278282046254215	-0.14914457015400273	-0.06582748160517295	5	9.153770020487789
merchants-house-museum	1	3	5	50	131	0	1	1550	0.4003796661762676	-0.403883415591893	-0.501843655474192	5	7.346010209913293
save-the-bay-boston	1	5	15	52	180	0	0	450	0.34900833123684316	-0.6234010508715344	-0.5625547682913971	4	6.1092475827643655
pickwick-theatre-3	1	2	15	46	57	0	1	15000	0.4036778792745139	-0.3901637606821465	0.24048767851799863	5	9.615805480084347
ecotarium-boston	1	5	12	50	172	0	1	3000	0.27358688972155465	-0.9764996084990962	-0.4218153703969669	3	8.006367567650246
massacre-haunted-house-chicago	1	3	17	51	9	1	0	6970	0.4329021068001847	-0.27002031882193106	-0.20270344504759916	5	8.84937050375457
chicago-race-factory-1	1	3	30	59	186	1	0	28800	0.5443267194633779	0.17777359116300553	1.002136184770209	5	10.268130666124037
south-shore-pottery-1	1	5	25	55	186	0	0	3000	0.32914940667964526	-0.7120346781380448	-0.4218153703969669	3	8.006367567650246
stratagem-laser-missions	1	4	20	60	185	0	1	10600	0.32071741285988775	-0.7504768206954995	-0.0023567727508220747	3	9.268609280100158
micro-ice-training-center	1	5	28	50	95	0	1	1960	0.20020135472865333	-1.385036368842393	-0.4792149679695973	1	7.580699752224563
strike-10-lanes	1	3	6	54	186	0	0	2820	0.5289583725801723	0.11596326694242653	-0.4317499161306914	5	7.944492163932159
gl-nutcracker-noble-horse	1	2	11	50	67	0	0	11000	0.5035653059142725	0.014261465371407715	0.019719995546343443	5	9.305650551780507
tristate-speedway-1	1	5	20	56	124	0	0	6400	0.2900317119393547	-0.8952300358174523	-0.23416283987106	3	8.764053269347762
tango-21	1	2	25	55	185	0	0	7000	0.5669947003773266	0.2695999896659452	-0.20104768742531173	5	8.85366542803745
great-american-cooking-expo	1	3	20	50	13	0	1	20000	0.27925914542074737	-0.9481394603291514	0.5164472822325676	3	9.903487552536127
competitive-athlete-training-zone	1	5	35	84	124	0	1	25200	0.16617749555426006	-1.6129640878603877	0.8034452700957193	1	10.134599273499514
ultimate-battleground	1	4	25	50	369	0	1	2500	0.48339822960389817	-0.06643150179181803	-0.4494113307684238	5	7.824046010856292
hollywood-stunts-nyc	1	3	19	58	185	0	0	5700	0.4922434403836068	-0.03102872771747776	-0.2727971843910997	5	8.648221453822641
novembeerfest	1	2	10	50	19	0	1	4200	0.37456253976603854	-0.5126925568844891	-0.35558506550547037	4	8.34283980427146
haunted-house-nyc-1	1	2	15	50	2	0	1	1800	0.3508052780172215	-0.6155013995307291	-0.4880456752884635	4	7.495541943884256
irish-american-news-inc	1	3	20	50	11	0	1	1800	0.2778444473482345	-0.955179147397765	-0.4880456752884635	3	7.495541943884256
imagine-that-nyc	1	3	10	52	185	0	0	900	0.523467580766502	0.09393934358855881	-0.5377184039570859	5	6.802394763324311
bella-voce-chicago	1	2	30	50	14	0	1	6300	0.33132956188469775	-0.7021777848081374	-0.2396820319453514	4	8.748304912379623
jump-zone-chicago-2	1	3	30	50	95	0	1	30000	0.3218123744918719	-0.745455295642073	1.0683664896617058	3	10.308952660644293
gl-shake-rattle-roll	1	3	26	62	237	0	0	6240	0.5150196768241844	0.06009678801649878	-0.24299354718992622	5	8.738735461363474
the-peoples-choice-family-fun-center	1	3	39	63	185	0	1	7410	0.35224322155608523	-0.6091933766685357	-0.17841899992071708	4	8.910585718290132
chicago-blues-bluegrass-festival	1	3	40	49	75	0	1	18400	0.29031418800642467	-0.8938586103388313	0.42814020904390554	3	9.820105943597078
cooks-arts-crafts-shoppe-1	1	2	25	55	185	0	1	1750	0.47577003284322206	-0.09699584345584351	-0.4908052713256092	5	7.4673710669175595
aurora-roller-skate-center	1	2	12	73	185	0	1	5400	0.46801174086797254	-0.12812803686972096	-0.2893547606139738	5	8.594154232552366
the-clayroom-boston	1	6	45	55	363	0	1	5850	0.27770202943856254	-0.9558890530524574	-0.2645183962796626	3	8.674196940225903
hitting-zone-chicago	1	2	12	52	124	0	1	2640	0.4560708797964221	-0.17617070903837545	-0.4416844618644159	5	7.878534196140362
international-museum-surgical-science	1	3	20	50	369	0	1	6000	0.5756459907193162	0.30492483788397645	-0.25623960816822555	5	8.699514748210191
lahouts-country-clothing-and-ski-shop	1	7	20	56	185	0	1	1600	0.1539585312126582	-1.7038850875720732	-0.49908405943704626	1	7.3777589082278725
gl-illinois-philharmonic-orchestra	1	2	25	55	12	0	1	1250	0.33049905538874996	-0.7059287748908752	-0.5184012316970661	4	7.1308988302963465
cvcinemart-enterprises-nyc	1	3	9	59	189	0	1	9000	0.42420405300466735	-0.3055387426914131	-0.09066384593948415	5	9.104979856318357
cpx-sports-paintball-3	1	3	30	67	185	0	1	21300	0.36271699873555857	-0.5635909165168066	0.5881967791983556	4	9.966462351697517
gl-big-east-new-york	1	2	15	58	3	0	1	1050	0.33727219629739763	-0.675474044919868	-0.5294396158456488	4	6.956545443151569
one-stop-fun-boston-2	1	5	25	50	186	0	1	14750	0.26135308584063494	-1.03894770568268	0.22668969833227018	2	9.598998361767967
gl-irving-plaza-english-beat	1	2	19	50	10	0	1	1140	0.34939039876884853	-0.6217198533067002	-0.5244723429787866	4	7.038783541388542
krush-skate-park	1	3	12	50	185	0	1	2400	0.43193224367150257	-0.27397196832758025	-0.4549305228427152	5	7.783224016336037
glowgolf-2	1	5	16	56	191	0	1	16000	0.2705923838443079	-0.9916191500902798	0.2956795992609124	2	9.680344001221918
homewoodflossmoor-ice-arena	1	3	14	50	158	0	1	2800	0.40463328761617906	-0.38619634477906883	-0.4328537545455497	5	7.937374696163295
gl-tap-root-shop-class	1	2	7	50	4	0	1	420	0.36825567242522045	-0.5397073083612699	-0.5642105259136845	4	6.040254711277414
illinois-holocaust-museum-1	1	3	6	50	184	0	0	30000	0.5351095794738654	0.14066982433553643	1.0683664896617058	5	10.308952660644293
staten-island-skating-pavilion-2	1	2	14	50	129	0	1	2240	0.4601131929518658	-0.1598869701611927	-0.46376123016158144	5	7.7142311448490855
gl-andre-rieu-verizon-wireless-arena	1	6	44	50	7	0	1	9240	0.10333777439306559	-2.1606762451758263	-0.07741778496118484	1	9.131297164635729
gl-ticketcity-legends-classic-nyc	1	2	17	51	371	0	1	1360	0.6588549616525942	0.6581957024877418	-0.5123301204153455	5	7.215239978730097
gl-chicago-express-hockey	1	2	19	54	2	0	1	2470	0.33589875033081107	-0.6816248460428749	-0.45106708839071125	4	7.8119734296220225
gl-house-of-hope-chicago	1	2	19	51	4	0	1	8550	0.34281480694954203	-0.6507754756279699	-0.11550021027379535	4	9.053686561930807
village-divers-new-york	1	3	20	83	190	0	1	4800	0.3573157568566561	-0.5870336715661076	-0.3224699130597221	4	8.476371196895983
museum-of-sex-new-york	1	6	19	50	187	1	1	95000	0.26805944145770916	-1.0044905540852334	4.655841337951102	2	11.461632170582678
boston-tower-hill	1	6	11	52	187	0	1	5720	0.22108311751331414	-1.2593656143155194	-0.2716933459762414	2	8.651724084373843
gl-la-boheme-american-chamber-opera	1	2	20	50	4	0	1	1400	0.3426666383131966	-0.6514332150251447	-0.510122443585629	4	7.24422751560335
gl-irving-plaza-architecture	1	2	15	48	3	0	1	1350	0.3552345266269074	-0.5961084337655607	-0.5128820396227747	4	7.2078598714324755
boston-amesbury-sports-park	1	3	24	50	93	1	1	24000	0.40295373856059413	-0.39317283753478044	0.7372149652042228	5	10.085809109330082
rocket-ice-arena-1-chicago	1	2	8	56	190	0	1	8000	0.51468825304601	0.058769921814556605	-0.14585576668239794	5	8.987196820661973
rialto-square-theatre	1	2	17	55	7	0	1	4930	0.3419146277656692	-0.6547735884615613	-0.3152949633631433	4	8.503094267036737
queens-archery	1	3	14	53	189	0	0	14000	0.5164203316576647	0.06570495455993097	0.18529575777508484	5	9.546812608597396
aviator-sports-and-events-center-1	1	3	12	54	165	0	1	8760	0.40706423235024264	-0.37611508347543393	-0.10390990691778346	5	9.077951183930438
gl-architecture-helsinki-metro	1	2	17	60	5	0	1	1530	0.33148061089500114	-0.701496081107328	-0.5029474938890502	4	7.333023014386481
medieval-times	1	2	39	42	2	0	1	27690	0.31902152452492394	-0.7582721229098225	0.9408731527455748	3	10.228826616165007
got-air-scuba	1	3	22	71	317	0	0	7480	0.5755745586535388	0.3046324227725692	-0.17455556546871312	5	8.919988070968524
grand-prix-nyc	1	3	19	61	187	1	1	19000	0.4733656812734101	-0.10663821501667417	0.4612553614896538	5	9.852194258148577
tafts-tackle-and-charter-services	1	6	79	74	107	0	1	10270	0.09112545586439591	-2.299969876456712	-0.020570106595983628	1	9.236982302922604
gl-peter-pan-city-hall-plaza	1	7	100	50	9	1	1	85000	0.06564801370090162	-2.6555458818256317	4.103922130521964	1	11.350406535472453
sledventures-boston	1	5	79	47	108	0	1	32390	0.147571309407902	-1.7537780456930112	1.2002751802372698	1	10.385605012165374
gl-baroque-garden-of-roses-chamber-orchestra-nyc	1	3	20	50	12	0	1	2400	0.278551245031266	-0.9516593038634582	-0.4549305228427152	3	7.783224016336037
monster-mini-golf-boston-2	1	5	16	50	371	0	0	8640	0.5140382809680545	0.056167885899270166	-0.11053293740693311	5	9.064157861798101
la-grange-theatre-chicago	1	4	5	55	190	0	1	25000	0.3625576628682514	-0.5642802897577263	0.7924068859471366	4	10.126631103850338
gl-boston-college	1	3	8	47	9	1	1	8000	0.37109521343399376	-0.5275212028685451	-0.14585576668239794	4	8.987196820661973
zip-aviation-new-york	1	4	149	39	130	1	0	41720	0.2293980917009416	-1.2117130225624013	1.7152158007686553	2	10.63873590911471
kendall-square-ice-skating	1	6	14	53	493	1	0	14000	0.6126201190305817	0.4583392197510937	0.18529575777508484	5	9.546812608597396
chicago-school-of-shoemaking	1	6	35	53	186	0	1	2450	0.18586808162206656	-1.477085231267796	-0.45217092680556953	1	7.803843303538772
city-ice-pavilion-1-ny	1	3	6	54	99	0	0	6000	0.4525771926460499	-0.1902631205422423	-0.25623960816822555	5	8.699514748210191
beadles-1-boston	1	4	20	50	188	0	0	6600	0.42703568752180987	-0.29395584581648376	-0.22312445572247727	5	8.794824928014517
leafs-ice-centre	1	4	10	50	187	0	0	4300	0.44731314342840867	-0.2115326842247324	-0.350065873431179	5	8.366370301681654
chicagos-finest-river-walk-tour-1	1	5	20	50	154	1	1	20000	0.3098426869907276	-0.8008548541171893	0.5164472822325676	3	9.903487552536127
gl-second-city	1	4	35	50	103	1	1	35000	0.3141266922738641	-0.7808965449431443	1.3443260933762746	3	10.46310334047155
craftboston-holiday	1	5	15	50	11	0	1	3750	0.17236223186284028	-1.568977319060267	-0.38042142983978156	1	8.229511118964457
gauntlet-warbirds-chicago-4	1	3	234	40	277	0	1	28080	0.144461820519867	-1.7787154658155573	0.9623980018353112	1	10.242812858139747
chicago-botanic-garden-3	1	3	30	54	17	1	1	30000	0.32213160380449474	-0.743992993679435	1.0683664896617058	3	10.308952660644293
nashoba-valley-ski-area	1	5	27	50	97	0	1	27000	0.20271641788892217	-1.369402381261174	0.9027907274329642	1	10.203592144986466
shedd-aquarium-3	1	3	32	49	23	1	1	160000	0.33172804264080313	-0.7003797279216538	8.2433161862405	4	11.982929094215963
gl-le-dance-on-stage-at-kingsborough	1	3	16	52	3	0	1	800	0.27591142897834603	-0.9648338158526552	-0.5432375960313773	3	6.684611727667927
gl-radio-city-christmas-msge	1	5	42	51	5	1	1	210000	0.17911974270795417	-1.5223227131216217	11.00291222338619	1	12.254862809699606
ocean-explorium-1-boston	1	5	15	52	375	0	0	2550	0.5157369101539834	0.06296843831824095	-0.4466517347312781	5	7.843848638152472
charmingfare-farm-2	1	5	30	50	20	0	1	2700	0.15892970620480945	-1.666213234940595	-0.43837294661984105	1	7.90100705199242
glenwood-roller-rink-and-tinley-park-roller-rink	1	3	12	52	61	0	1	2880	0.3260059415260049	-0.7263056888124528	-0.42843840088611657	3	7.965545573129992
gl-wearing-lorcas-tie-aeny-el-puente	1	3	20	50	6	0	1	600	0.2743270616312341	-0.9727783650692974	-0.55427598017996	3	6.396929655216146
gx-melrose-park-indoor-grand-prix	1	7	25	73	723	0	0	25000	0.5935097082765212	0.37849352548128307	0.7924068859471366	5	10.126631103850338
museum-of-contemporary-art-4	1	4	35	53	210	1	1	35000	0.3945841933914756	-0.42808297011863666	1.3443260933762746	5	10.46310334047155
gl-midtown-theater	1	2	29	51	3	0	1	2320	0.3229520309999195	-0.7402383242883344	-0.4593458765021483	3	7.749322464660356
joyce-walks-chicago-2	1	3	25	50	119	1	1	2250	0.42305342347951425	-0.3102512061554162	-0.4632093109541523	5	7.718685495198466
gl-nyc-dueling-pianos	1	3	25	58	84	0	0	5000	0.3921940975004054	-0.4380987277580729	-0.31143152891113934	4	8.517193191416238
scuba-sensations	1	4	39	51	374	0	1	5070	0.4558430753483577	-0.17708905241219677	-0.30756809445913535	5	8.531096096585228
unity-temple-1	1	2	10	50	130	1	1	8900	0.5463085085942008	0.1857664175238081	-0.09618303801377553	5	9.093806555720231
luke-adams-glass-2	1	4	95	50	373	0	1	47500	0.3420992547051344	-0.6539531635369968	2.034225102662697	4	10.768484990022733
gl-kenny-rogers-genesee-theatre	1	3	29	50	8	0	1	8120	0.2605547207975769	-1.0430873826141362	-0.1392327361932483	2	9.002085433155724
gx-cape-ann-whale-watch-boston	1	8	58	40	325	0	0	16820	0.20221713132333366	-1.3724944383922635	0.3409369742701017	1	9.73032393352694
gl-ralphs-world	1	4	29	44	5	0	1	2030	0.20843044183390574	-1.3344123836372375	-0.4753515335175933	2	7.615791072035833
fun-station	1	2	10	47	94	0	1	1300	0.44401212682080965	-0.22489460846520637	-0.5156416356599204	5	7.170119543449628
the-badlandz	1	3	23	50	207	0	1	5980	0.42774126868513956	-0.2910727162114999	-0.25734344658308383	5	8.696175846944678
gl-chicago-a-cappella	1	2	14	50	4	0	1	1540	0.3543740284164163	-0.5998674119495103	-0.5023955746816211	4	7.3395376954076745
the-new-400-theater-1-chicago	1	3	14	50	190	0	1	14000	0.43203299817069774	-0.27356135168125917	0.18529575777508484	5	9.546812608597396
gl-lawlawpalooza-chicago-bar-association	1	2	22	51	2	0	1	1980	0.3354587256361	-0.6835980642344005	-0.478111129554739	4	7.590852123688581
stambrys-crecent-moon-soap-company	1	5	45	50	174	0	1	6750	0.22216884188999167	-1.2530718383464747	-0.21484566761104018	2	8.817297783866575
rialto-square-theatre-1	1	2	21	59	4	0	1	7140	0.32487517554721174	-0.731456565576627	-0.1933208185213038	3	8.87346805533363
sky-high-sports	1	2	9	53	189	0	1	45000	0.5176090795653352	0.07046546111393658	1.8962453008054125	5	10.714417768752456
gl-rosemont-theatre	1	4	30	51	8	0	1	600	0.19972674490383177	-1.3880030813549387	-0.55427598017996	1	6.396929655216146
melrose-park-indoor-grand-prix-1-chicago	1	3	25	73	720	0	0	25000	0.8430995275052147	1.6814733433294258	0.7924068859471366	5	10.126631103850338
lahouts-country-clothing-and-ski-shop-1	1	6	30	50	109	0	1	3300	0.15691917101150218	-1.6813319975000782	-0.4052577941740928	1	8.101677747454572
vendetta-paintball-3	1	4	15	57	186	0	0	4500	0.4222411530812274	-0.31357995813008294	-0.33902748928259624	5	8.411832675758411
gl-teatro-luna	1	3	11	52	1	0	1	660	0.2831475279150538	-0.9289020003582397	-0.5509644649353852	3	6.492239835020471
bobbys-bike-hike-chicago-2	1	3	49	51	327	0	1	3430	0.47500089575984	-0.1000798665378967	-0.398082844477514	5	8.140315540159985
gl-surround-sound-ngine-media-group	1	3	30	57	7	0	1	2400	0.24772970260352167	-1.1107574544690635	-0.4549305228427152	2	7.783224016336037
chicago-photo-safaris-3	1	3	59	50	386	1	0	35400	0.6690599958054426	0.7039366331976219	1.3664028616734403	5	10.474467099121865
gl-elmhurst-symphony-orchestra	1	3	18	50	34	0	1	180	0.2979593699649158	-0.8570341450835026	-0.5774565868919839	3	5.19295685089021
whitestone-lanes-1-ny	1	3	9	53	191	0	1	4770	0.43760698954243404	-0.2508796889302161	-0.3241256706820095	5	8.470101583882387
art-glass-and-more	1	3	70	52	191	0	1	9800	0.3170860967986649	-0.7671954590837388	-0.046510309345153114	3	9.190137664658664
shedd-aquarium-4	1	2	20	50	8	1	1	20000	0.4183385611250226	-0.3295974987876477	0.5164472822325676	5	9.903487552536127
gl-windy-city-circus	1	3	42	52	70	1	1	1050	0.3441849239726454	-0.6446997702815964	-0.5294396158456488	4	6.956545443151569
boston-battlegroundz-paintball	1	5	39	64	188	0	1	18330	0.2203994517016927	-1.2633400814065778	0.42427677459190155	2	9.816294340833752
centennial-ice-arena-in-highland-park	1	2	9	50	165	0	1	1890	0.5024497053078436	0.009798899636871554	-0.4830784024216012	5	7.5443321080536885
gl-chicago-blackhawks-1	1	3	110	60	19	1	1	1100	0.18662109699583393	-1.4721167143118694	-0.5266800198085031	1	7.003065458786462
cape-ann-lanes-1	1	4	35	59	188	0	1	6300	0.2971523389999093	-0.8608952366662355	-0.2396820319453514	3	8.748304912379623
circle-of-stones-chicago-1	1	2	30	54	252	0	1	2400	0.5259264091764876	0.10379873189509624	-0.4549305228427152	5	7.783224016336037
victory-archers-1-ny	1	4	10	50	187	0	1	4400	0.3593633353915122	-0.5781285173465213	-0.3445466813568876	4	8.389359819906353
metropolitan-room	1	4	49	60	124	0	1	8330	0.22891956591917237	-1.2144219911537661	-0.1276424328372364	2	9.027618735160889
d-d-dive-shop	1	2	160	51	161	0	1	8000	0.2124941378930237	-1.3099564130192594	-0.14585576668239794	2	8.987196820661973
whaleback	1	5	40	50	130	1	0	8400	0.3338948815463092	-0.6906212760708733	-0.12377899838523243	4	9.035986984831405
wilmette-theatre-chicago	1	3	12	50	187	0	1	12000	0.4336603699629771	-0.2669322812589674	0.07491191628925724	5	9.392661928770137
cornerstone-ranch-boston-4	1	4	22	54	186	1	1	11440	0.3992071200410232	-0.40876986939354887	0.044004440673225516	5	9.344871264933788
gx-chicagoland-skydiving-center	1	7	125	46	193	0	0	67500	0.10600949878085988	-2.132166448845133	3.138063517520973	1	11.119882876860622
chicago-detours-2	1	3	25	52	158	1	1	20750	0.4529272115048512	-0.18885043054832235	0.557841222789753	5	9.940301525658844
monkey-zone-chicago	1	3	10	55	186	0	1	6200	0.4272827103594245	-0.2929463293452155	-0.24520122401964278	5	8.732304571033183
gl-harvard-athletics	1	4	16	47	3	0	1	3840	0.22208866689549386	-1.2535358473882676	-0.37545415697291934	2	8.253227645581772
fun-city-new-york	1	3	19	62	129	0	1	6270	0.34830865115168275	-0.6264820432221561	-0.24133778956763882	4	8.743531633626967
xtreme-trampolines-1	1	2	17	55	112	0	0	17000	0.5203402224511048	0.08140581576241404	0.3508715200038262	5	9.740968623038354
custom-rides-car-show	1	2	12	54	13	0	1	5880	0.35830087757907064	-0.5827464635772627	-0.2628626386573752	4	8.679312040892672
the-discovery-museums-1	1	4	21	50	141	0	0	15120	0.3850938005755361	-0.4679827924414969	0.2471107090071483	4	9.623773649733524
jenks-productions-boston	1	7	12	50	8	0	0	1560	0.13658742175694202	-1.8439277892291115	-0.5012917362667628	1	7.352441100243583
gl-loyola-mens-basketball	1	3	15	61	5	0	1	2250	0.2649049207649801	-1.0206288783103128	-0.4632093109541523	2	7.718685495198466
gl-gorilla-tango-theatre	1	3	20	50	102	0	1	8400	0.3464063351410982	-0.6348733857758699	-0.12377899838523243	4	9.035986984831405
gl-mckay-arts-management	1	2	12	75	4	0	1	120	0.31408440208479427	-0.7810928388100661	-0.5807681021365586	3	4.787491742782046
frames-bowling-lounge-1	1	6	26	52	124	1	0	26000	0.281774174473051	-0.9356780894438589	0.8475988066900504	3	10.165851817003619
gl-dominican-university	1	2	12	56	11	0	1	360	0.353050011174262	-0.6056592728767374	-0.5675220411582593	4	5.886104031450156
gl-webster-hall	1	3	10	79	187	0	1	4200	0.38227480568653055	-0.47990395258124563	-0.35558506550547037	4	8.34283980427146
cornerstone-ranch-boston-6	1	4	22	54	185	0	0	3740	0.4125460020515804	-0.3534502219063379	-0.3809733490472107	5	8.226840890408578
gl-made-in-america-lsso	1	2	9	50	7	0	1	360	0.366714814069868	-0.5463363787835616	-0.5675220411582593	4	5.886104031450156
gl-ph-productions	1	3	10	55	99	0	0	2400	0.4421164638670107	-0.23257688370809596	-0.4549305228427152	5	7.783224016336037
gl-romantic-abandon-renovo	1	2	25	51	12	0	1	500	0.3375609358226029	-0.6741825304291519	-0.5597951722542515	4	6.214608098422191
gl-dance-chicago	1	3	28	50	14	0	1	840	0.26632006879581227	-1.0133740208956916	-0.5410299192016608	2	6.733401891837359
pickwick-theatre-chicago-1	1	4	15	46	85	0	0	15000	0.35852266259730126	-0.5817819828253058	0.24048767851799863	4	9.615805480084347
wild-fun-center	1	3	16	50	188	0	0	2720	0.517194765118294	0.06880619334670494	-0.43726910820498277	5	7.908387159290043
gl-loyola-mens-basketball-chicago	1	2	15	61	5	0	1	750	0.3335340611699797	-0.6922440411975472	-0.5459971920685229	4	6.620073206530356
gl-gingerbread-house-red-tape	1	2	12	54	4	0	1	480	0.35105044498548177	-0.6144250553860213	-0.5608990106691097	4	6.173786103901937
gl-harlem-globetrotters-nyc	1	3	39	45	11	0	1	8190	0.2537354351610136	-1.0787880515601216	-0.1353693017412443	2	9.010669176847115
gl-northeastern-mens-basketball	1	4	10	50	125	0	1	900	0.3108049416259861	-0.7963588164735266	-0.5377184039570859	3	6.802394763324311
gl-windy-city-circus-1	1	4	20	50	5	0	1	500	0.2133779230572916	-1.3046830457163696	-0.5597951722542515	2	6.214608098422191
lets-go-paragliding	1	6	99	58	73	0	1	18810	0.0783813442823068	-2.464545589028359	0.4507688965485002	1	9.842143922295076
spare-time-chicago-3	1	4	12	74	166	0	0	12000	0.3791599185423789	-0.49311546624071884	0.07491191628925724	4	9.392661928770137
dc-gmt-slice-chicago-tours	1	7	22	51	106	0	1	10340	0.12352565982777228	-1.9594585222303473	-0.01670667214397966	1	9.24377514806242
slice-of-chicago-pizza-tours-3	1	3	22	51	83	0	1	6820	0.3258807350784735	-0.7268755750683364	-0.21098223315903622	3	8.827614750837508
3rd-coast-cruising-1	0	3	75	50	378	1	1	3750	0.5428132143187793	0.17167324359968808	-0.38042142983978156	5	8.229511118964457
516-skydive-new-york	0	7	145	39	170	0	1	130500	0.0632069123544301	-2.696048765700073	6.6151545243245415	1	11.779128505744886
92nd-st-y-nyc	0	3	29	82	125	0	0	29000	0.3731703461769268	-0.5186398116722651	1.0131745689187919	4	10.275051108968611
above-all-cruises-ny	0	4	39	51	207	0	1	35100	0.3175827364221867	-0.764902922641389	1.349845285450566	3	10.465956409453957
adaptive-adventures	0	3	10	0	5	0	1	200	0.3790630145048406	-0.4935271477060109	-0.5763527484771256	4	5.298317366548036
adirondack-tubing-adventures-3	0	5	22	49	106	0	1	880	0.2163922699198969	-1.2868157257739554	-0.5388222423719442	2	6.779921907472252
affairs-afloat-2	0	4	9	63	157	0	1	9000	0.3146853516786235	-0.7783048173637108	-0.09066384593948415	3	9.104979856318357
air-ventures-new-york-1	0	7	299	46	205	0	0	8970	0.026979269428755826	-3.585336615626862	-0.09231960356177156	1	9.101640955052842
american-flyers-2	0	4	149	62	364	0	1	47680	0.22357333459457177	-1.2449627164116372	2.0441596483964215	2	10.772267301739232
american-princess-cruises-1	0	3	13	52	83	0	0	5330	0.42779147788353494	-0.29086759844852594	-0.2932181950659778	5	8.58110651715989
amf-bowling-chicago	0	3	15	64	84	0	0	4200	0.4013663782933487	-0.39977508932459915	-0.35558506550547037	5	8.34283980427146
amf-bowling-new-york	0	3	15	64	90	0	0	7350	0.40645108759363796	-0.37865602811876	-0.1817305151652919	5	8.902455592206882
amf-new-york	0	4	15	64	75	0	0	4800	0.31868132667417753	-0.7598385182461239	-0.3224699130597221	3	8.476371196895983
ballymeade-country-club-2	0	4	80	50	370	1	0	67200	0.5346329502856115	0.13875398877123005	3.121505941298099	5	11.115428526511241
battleground-z-paintball	0	4	39	64	186	0	1	3510	0.28049755193340387	-0.9419949313624256	-0.3936674908180809	3	8.163371316459912
berry-dive-center-1	0	6	157	50	92	0	1	9420	0.05558535722198011	-2.8326455026842248	-0.06748323922746036	1	9.150590367570409
biplane-rides-over-atlanta-inc-1	0	5	87	50	153	0	1	174	0.15604573411541492	-1.6879491740963553	-0.5777877384164413	1	5.159055299214529
blastcamp-paintball	0	3	39	61	186	0	1	5850	0.3566806506225546	-0.589800410903368	-0.2645183962796626	4	8.674196940225903
boating-in-boston-6	0	5	35	53	61	1	1	10500	0.21739289536471315	-1.2809244938430764	-0.007875964825113454	2	9.259130536145614
boobs-and-tubes-1	0	3	119	51	28	0	0	1190	0.1998042439118596	-1.3875182860561686	-0.5217127469416409	1	7.081708586105575
boston-chocolate-walking-tours-2	0	6	20	50	365	0	1	13600	0.3330751906765909	-0.6943090475915463	0.16321898947791932	4	9.517825071724143
boston-firearms	0	5	35	59	249	0	1	24850	0.27397061796667155	-0.9745696181863024	0.7841280978356995	3	10.120613031524774
boston-gliders-3	0	5	30	50	379	1	0	27300	0.5675256109210807	0.271762769097513	0.9193483036558384	5	10.21464198117305
boston-harbor-cruises-5	0	5	28	42	74	0	1	28000	0.19853743482120995	-1.395460594139385	0.9579826481758781	1	10.239959789157341
boston-night-tour-salem	0	5	13	50	207	0	1	13000	0.2969426624437722	-0.8618993853109737	0.13010383703217104	3	9.472704636443673
boston-photo-walks-3	0	6	29	52	187	0	1	1450	0.1955940017338977	-1.4140630235424243	-0.5073628475484833	1	7.27931883541462
boston-strolls-1	0	5	14	53	156	0	1	700	0.25467817998866693	-1.0738153894195048	-0.5487567881056686	2	6.551080335043404
bowl-o-rama	0	4	29	64	157	0	1	6960	0.2772532794578468	-0.958127388731257	-0.2032553642550283	3	8.847934753328465
brockton-rox	0	5	16	50	30	0	1	2400	0.18083587740472082	-1.5106945924210482	-0.4549305228427152	1	7.783224016336037
brooklyn-creative	0	3	35	61	187	0	0	2800	0.45380523108307114	-0.18530753219684937	-0.4328537545455497	5	7.937374696163295
calvo-studio-1	0	5	79	65	44	0	1	1580	0.10698582243893885	-2.1219061319663823	-0.5001878978519045	1	7.365180126021013
cambridge-historical-tours	0	5	15	50	88	0	1	6000	0.21451033743311274	-1.2979493669186632	-0.25623960816822555	2	8.699514748210191
canlan-ice-sports-6	0	4	148	51	8	0	1	1480	0.0830103762405736	-2.4021305418424217	-0.505707089926196	1	7.299797366758161
cape-ann-lanes-2	0	5	35	59	188	0	1	6300	0.23338771872862205	-1.1892800737790012	-0.2396820319453514	2	8.748304912379623
capt-john-whale-watching	0	5	53	41	101	0	1	53000	0.18133248300411822	-1.5073457704128217	2.337780666748723	1	10.87804719253426
caravan-beads-of-chicago-2	0	3	25	50	100	0	1	6500	0.335171989365946	-0.6848845754075117	-0.22864364779676863	4	8.779557455883728
cartland-cape-cod-1	0	5	21	51	32	0	1	9660	0.17442821043810136	-1.5545629690308949	-0.05423717824916104	1	9.175748927206564
central-park-sightseeing-1	0	4	10	50	187	0	1	10000	0.3593633353915122	-0.5781285173465213	-0.03547192519657035	4	9.210340371976184
ceramics-a-la-carte-1	0	4	20	50	106	0	1	5000	0.2790499921070227	-0.9491788487514091	-0.31143152891113934	3	8.517193191416238
chaino-lakes-riding-stable	0	3	7	50	127	0	0	7000	0.4828678199766951	-0.06855555763254216	-0.20104768742531173	5	8.85366542803745
charles-river-canoe-kayak-3	0	5	55	50	111	0	1	20350	0.17353690389298324	-1.5607649861338442	0.5357644544925875	1	9.920836190870741
charles-river-museum-industry	0	4	7	50	189	0	1	2940	0.3669541535473254	-0.5453059287400909	-0.4251268856415418	4	7.986164860332727
checkered-flag-indoor-karting-2	0	5	35	63	86	0	1	9100	0.17078835011501312	-1.5800503587399914	-0.08514465386519277	1	9.116029692504942
chicago-artists-coalition	0	2	20	0	9	0	1	2800	0.4410243207511131	-0.2370059415820773	-0.4328537545455497	5	7.937374696163295
chicago-artists-coalition-1	0	4	20	0	4	0	1	600	0.28671858619915797	-0.9113748334791409	-0.55427598017996	3	6.396929655216146
chicago-photo-safaris-4	0	3	59	50	232	1	1	6490	0.4489992125794036	-0.20471510420737415	-0.22919556700419777	5	8.778017809698136
chicago-premier-boat-rental-leasing	0	4	78	61	185	0	1	5460	0.2215109655532745	-1.2568828115420663	-0.286043245369399	2	8.605204068738951
chicago-race-factory-2	0	3	30	52	186	0	0	28800	0.4814018785536286	-0.07442682312925072	1.002136184770209	5	10.268130666124037
chicago-race-factory-4	0	3	30	52	185	0	1	14100	0.39065911636462447	-0.4445424997853465	0.19081494984937622	4	9.55393007636626
chicago-yacht-share	0	3	119	60	95	0	1	2380	0.1694241878462639	-1.5897136524182955	-0.45603436125757346	1	7.77485576666552
chicagos-finest-river-walk-tour-2	0	4	20	60	104	1	0	18200	0.4106613730684273	-0.3612319717522692	0.41710182489532277	5	9.809176873064887
childrens-museum-oak-lawn	0	3	6	50	127	0	1	6000	0.39494876560372794	-0.4265570902417251	-0.25623960816822555	5	8.699514748210191
cinemart-cinemas	0	4	12	54	369	0	0	12000	0.5939078319537117	0.38014399353212297	0.07491191628925724	5	9.392661928770137
circle-line-downtown-1	0	5	14	52	139	1	1	14000	0.306196903678331	-0.8179598262870145	0.18529575777508484	3	9.546812608597396
city-lights-cruises-3	0	6	45	53	155	0	1	28350	0.15813861903385668	-1.6721433859573565	0.9772998204358979	1	10.252382309155898
citysolve-urban-race-chicago	0	4	30	54	13	0	1	600	0.1987359399585012	-1.3942135470296981	-0.55427598017996	1	6.396929655216146
cobble-hill-new-york	0	4	17	59	98	0	0	85000	0.3415514830788494	-0.6563879124051316	4.103922130521964	4	11.350406535472453
coffee-tea-festival	0	3	10	57	8	0	1	3100	0.2818402531561623	-0.9353516006826411	-0.41629617832267557	3	8.039157390473237
community-rowing-boathouse-1	0	5	18	51	118	1	1	7920	0.28530090422580684	-0.9183171814424437	-0.15027112034183104	3	8.977146484808472
coney-island-luna-park	0	4	22	50	143	0	1	22000	0.30234979299141507	-0.8361332390072787	0.6268311237183952	3	9.998797732340453
courageous-sailing-center-4	0	8	95	50	134	1	1	23750	0.07578959276376848	-2.5009787745870513	0.7234169850184944	1	10.075337809462788
cowboy-jims-western-adventures-1	0	5	35	53	126	0	1	6300	0.2042580172012194	-1.3598910062134224	-0.2396820319453514	2	8.748304912379623
cpx-sports	0	5	30	67	182	0	1	17100	0.22602042355023882	-1.2309201213452579	0.3563907120781176	2	9.746833742490752
crawfish-festival-at-z-hotel	0	5	30	54	10	0	1	900	0.15018409338542327	-1.733157914745383	-0.5377184039570859	1	6.802394763324311
created-by-you	0	3	15	52	191	0	0	2250	0.5180139254208544	0.07208690223136892	-0.4632093109541523	5	7.718685495198466
custom-rides-car-show-1	0	3	12	54	5	0	1	2760	0.28104377168888145	-0.9392900489644809	-0.43506143137526626	3	7.9229859587111955
dc-624-amf-chicago-1	0	3	15	64	70	0	0	1200	0.3895859714275182	-0.449052898804891	-0.5211608277342118	4	7.090076835776092
dc-brd-5-bar-karaoke-lounge	0	7	25	54	122	0	0	3500	0.16992797865141918	-1.586137777443764	-0.39421941002551003	1	8.160518247477505
dc-brd-above-all-cruises	0	7	14	44	122	0	1	5600	0.14444757978015732	-1.7788306937725817	-0.27831637646539104	1	8.630521876723241
dc-brd-chicago-savvy-tours	0	7	12	52	108	0	1	12000	0.1330319971491013	-1.8744123911511075	0.07491191628925724	1	9.392661928770137
dc-brd-eskape-entertainment-center	0	7	25	70	185	0	0	10500	0.1837157951547362	-1.4913726126293434	-0.007875964825113454	1	9.259130536145614
dc-brd-jump-trax	0	7	25	50	48	0	1	1500	0.10142816968207284	-2.181455787642514	-0.5046032515113377	1	7.313220387090301
dc-bs1-memories-and-beyond	0	7	25	50	157	0	1	12500	0.14211995318331552	-1.797792842403101	0.10250787666071413	1	9.433483923290392
dc-bth-boobs-and-tubes-new-york	0	7	119	51	6	0	0	1190	0.058497433517633604	-2.7784941922619746	-0.5217127469416409	1	7.081708586105575
dc-bth-cityside-harbor-shuttle	0	7	30	50	55	0	0	3900	0.13785838841866246	-1.8331925523436081	-0.3721426417283445	1	8.268731832117737
dc-bth-courageous-sailing-center	0	7	95	50	70	0	0	3800	0.08794213199245825	-2.3390244326483867	-0.3776618338026359	1	8.242756345714477
dc-bth-midtown-bike-shop	0	7	10	50	185	0	1	1300	0.17217039091819483	-1.5703227157534312	-0.5156416356599204	1	7.170119543449628
dc-fd2-dirtventures-atv-rentals	0	7	59	50	97	0	1	7670	0.09102448081934711	-2.30118967189009	-0.1640691005275595	1	8.945071894361302
dc-fd2-gt-dream-cars	0	7	49	79	385	0	1	49000	0.19283518773462782	-1.4316920012312395	2.1170129837770677	1	10.799575577092764
dc-ghd-bike-and-roll-chicago	0	6	59	50	238	0	1	20650	0.18595561180572387	-1.4765068964401027	0.5523220307154616	1	9.935470598389179
dc-ghd-fireside-bowl	0	6	12	75	185	0	0	12000	0.25144043178129594	-1.0909446744298559	0.07491191628925724	2	9.392661928770137
dc-ghd-frames-bowling-lounge	0	6	26	52	129	0	0	21060	0.22691119187786954	-1.225835213872597	0.5749507182200563	2	9.955130785687967
dc-ghd-long-live-paintball	0	6	25	58	117	0	1	9500	0.15793226263448365	-1.673694235586043	-0.06306788556802725	1	9.159047077588632
dc-ghd-paint-for-fun	0	6	25	50	185	0	1	250	0.20248216550411446	-1.3708523863297524	-0.5735931524399799	1	5.521460917862246
dc-gmt-celebrity-planet-cupcake	0	7	25	50	185	0	0	3250	0.20872278392919472	-1.3326413903207293	-0.40801739021123845	2	8.086410275323782
dc-j41-gl-shop-class	0	7	12	40	33	0	1	2400	0.11474515655834681	-2.0431619228389297	-0.4549305228427152	1	7.783224016336037
dc-out-boating-in-boston	0	7	249	38	31	0	1	14940	0.016771216673637086	-4.071177709164253	0.2371761632734238	1	9.611797458686809
dc-out-cpx-sports-paintball	0	7	30	67	185	0	0	20700	0.18085960388621897	-1.51053443184608	0.5550816267526073	1	9.93788897925346
dc-out-fun-station	0	7	10	50	122	0	0	1100	0.1938043944775636	-1.4254770252929543	-0.5266800198085031	1	7.003065458786462
dc-val-david-anthony-art	0	6	105	65	184	0	1	4200	0.10147293754510896	-2.1809646876039825	-0.35558506550547037	1	8.34283980427146
dc-val-pickwick-theatre	0	8	15	46	73	0	0	6600	0.1259162211378328	-1.9375594536880463	-0.22312445572247727	1	8.794824928014517
dennis-pasamba-dance-company	0	3	21	50	93	0	1	2940	0.3373454625339043	-0.6751462780972345	-0.4251268856415418	4	7.986164860332727
depaul-university-soccer-camps	0	3	99	51	3	0	1	1980	0.1583942898162994	-1.670224197283505	-0.478111129554739	1	7.590852123688581
doug-foleys-drag-chicago	0	3	74	50	30	0	1	3700	0.20547920088588484	-1.3523943479266534	-0.38318102587692726	2	8.216088098632316
essex-river-cruises-and-charters	0	5	14	50	135	0	1	14000	0.24528443991255064	-1.12392242029365	0.18529575777508484	2	9.546812608597396
facets-cinematheque	0	4	16	50	183	0	1	7040	0.3443939894763691	-0.6437736945593826	-0.1988400105955952	4	8.859363449152088
facets-cinematheque-chicago	0	2	14	56	189	0	1	7140	0.5009210677592818	0.0036842752046151585	-0.1933208185213038	5	8.87346805533363
family-fun-zone	0	3	35	53	189	0	1	4200	0.381928391157643	-0.48137118932657946	-0.35558506550547037	4	8.34283980427146
fiamma-art-glass	0	5	50	49	82	0	1	7500	0.16632050016430538	-1.6119323849502747	-0.17345172705385484	1	8.922658299524402
fine-jewelry-school	0	3	49	61	372	0	1	4900	0.494737064717951	-0.021052518648409384	-0.3169507209854307	5	8.496990484098719
firezone-1	0	4	9	50	332	0	0	4050	0.5762600099185275	0.30743892876232176	-0.36386385361690743	5	8.306472160100585
flyers-boat-rentals	0	5	15	50	33	0	1	1200	0.1836905801969809	-1.4915407613055227	-0.5211608277342118	1	7.090076835776092
fox-paintball-4	0	4	30	68	189	0	1	3600	0.29197051015368414	-0.8858329406077767	-0.3887002179512187	3	8.1886891244442
fun-flatables-1	0	3	19	58	186	0	1	11210	0.40272956532958964	-0.3941047173049601	0.031310298902355344	5	9.324561516066206
fun-station-3	0	3	10	47	127	0	1	2900	0.39242633025465956	-0.43712460894585614	-0.4273345624712583	5	7.9724660159745655
funflatables-chicago	0	3	19	58	124	0	0	18810	0.4388725076409838	-0.24573918331017647	0.4507688965485002	5	9.842143922295076
funtown-splashtown-usa-1	0	5	25	50	82	0	1	25000	0.19702207679728648	-1.4050114332505603	0.7924068859471366	1	10.126631103850338
funway-foxboro	0	4	25	55	87	0	1	17250	0.24998164506636059	-1.0987101840434157	0.3646695001895547	2	9.755567422459507
funway-ultimate-entertainment-center-1	0	3	25	55	124	0	1	19250	0.34522593823045145	-0.640091136161308	0.47505334167538227	4	9.86526633971593
funway-ultimate-entertainment-center-2	0	3	25	55	129	0	1	9500	0.34921491583612235	-0.6224919184897755	-0.06306788556802725	4	9.159047077588632
gameworks-chicago-2	0	4	20	56	187	0	1	100000	0.3292253232067767	-0.7116908891651635	4.931800941665671	4	11.512925464970229
get-real-ny-2	0	2	36	60	2	1	1	10440	0.3617928794049868	-0.5675909793494867	-0.011187480069688283	4	9.25339986143663
ghosts-new-york	0	3	10	60	185	0	0	10000	0.5076111257089503	0.030446854665112672	-0.03547192519657035	5	9.210340371976184
gl-20th-century-progression	0	3	50	50	424	0	1	200	0.5598829961113823	0.24068721689266268	-0.5763527484771256	5	5.298317366548036
gl-4th-july-rooftop-beach-party	0	6	29	53	3	0	1	29000	0.11208178654544482	-2.069650794970258	1.0131745689187919	1	10.275051108968611
gl-702-punchlines-and-pregnant	0	3	30	55	13	0	1	30	0.2546876934377817	-1.073765271032363	-0.5857353750034209	2	3.4011973816621555
gl-a-far-cry-chamber-orchestra	0	5	24	56	7	0	1	960	0.1534200884324265	-1.7080247645035294	-0.5344068887125111	1	6.866933284461882
gl-above-and-beyond	0	3	20	46	14	0	1	11800	0.28641221643817744	-0.9128733723331225	0.06387353214067448	3	9.375854810453756
gl-acousticaelectronia-touch	0	3	12	48	9	0	1	360	0.293677167579256	-0.87759130813467	-0.5675220411582593	3	5.886104031450156
gl-ajkun-ballet-theatre	0	3	16	48	17	0	1	2240	0.2923889251632869	-0.8838097619106405	-0.46376123016158144	3	7.7142311448490855
gl-ajkun-ballet-theatre-1	0	3	21	49	33	1	1	630	0.36108824150838603	-0.5706439869399245	-0.5526202225576726	4	6.4457198193855785
gl-american-chamber-opera-company	0	3	20	67	5	0	1	200	0.2476435598497862	-1.1112197475659258	-0.5763527484771256	2	5.298317366548036
gl-american-chamber-opera-company-1	0	4	20	56	12	0	1	1400	0.20954611107639526	-1.3276635076688081	-0.510122443585629	2	7.24422751560335
gl-animus-theatre-company	0	3	10	50	13	0	1	800	0.2968806475817377	-0.862196455203094	-0.5432375960313773	3	6.684611727667927
gl-at-arie-crown-theater	0	2	36	51	5	1	1	20160	0.3809300759330211	-0.4856023987076904	0.5252779895514338	4	9.911455722185305
gl-at-arie-crown-theater-1	0	3	52	50	8	0	1	14560	0.22430436917941565	-1.2407562944040698	0.21620323339111655	2	9.586033321750676
gl-at-barclays-center-sports	0	3	25	58	76	1	1	22500	0.3716611667897275	-0.5250969670540431	0.6544270840898521	4	10.021270588192511
gl-at-big-time-rush-17	0	3	15	40	50	0	1	9150	0.33279556052052955	-0.6955681358424737	-0.08238505782804707	4	9.121509158269568
gl-at-carnival-of-madness-boston	0	3	20	62	7	1	1	3000	0.3193542671472586	-0.756740912819888	-0.4218153703969669	3	8.006367567650246
gl-at-chicago-fire-2	0	3	25	57	9	0	1	25000	0.2571668683479538	-1.0607462648374217	0.7924068859471366	2	10.126631103850338
gl-at-comcast-center	0	3	24	49	65	1	1	6000	0.3813571250333129	-0.4837918953799324	-0.25623960816822555	4	8.699514748210191
gl-at-country-throwdown	0	3	25	50	61	0	1	8000	0.3053056681248187	-0.8221584732454665	-0.14585576668239794	3	8.987196820661973
gl-at-country-throwdown-1	0	3	19	64	13	0	1	2660	0.25909895578085945	-1.0506570154325754	-0.4405806234495576	2	7.886081401775745
gl-at-first-midwest-bank-amphitheatre	0	3	10	68	61	0	1	4600	0.30235636856855497	-0.8361020656341327	-0.3335082972083048	3	8.433811582477187
gl-at-jones-beach-theater	0	3	32	50	22	1	1	5440	0.3291932490281216	-0.711836132571391	-0.28714708378425724	3	8.601534339849989
gl-at-jones-beach-theater-2	0	3	17	50	16	1	1	5440	0.35341979349647035	-0.6040406860881432	-0.28714708378425724	4	8.601534339849989
gl-at-lmfao-with-far-east-movement-boston	0	2	20	70	5	1	1	5200	0.3778019693234445	-0.49888825169918166	-0.3003931447625566	4	8.556413904569519
gl-at-new-hampshire-speedway	0	3	35	58	17	1	1	1750	0.30603740236897264	-0.8187107407041867	-0.4908052713256092	3	7.4673710669175595
gl-at-rialto-square-theatre-3	0	4	30	50	7	0	1	10500	0.2004336315923385	-1.3835863637738144	-0.007875964825113454	1	9.259130536145614
gl-at-s2bn-entertainment-promoters	0	4	41	40	23	0	1	22140	0.20710899557318593	-1.3424405617092665	0.6345579926224031	2	10.005141206262628
gl-at-toyota-park	0	3	10	52	23	0	1	3500	0.3009304330758661	-0.8428711420908896	-0.39421941002551003	3	8.160518247477505
gl-at-train-your-dragon	0	4	35	40	33	0	1	35000	0.2217190869438651	-1.255676323290566	1.3443260933762746	2	10.46310334047155
gl-at-train-your-dragon-boston	0	4	38	40	9	0	1	20520	0.2032773262544748	-1.3659354696517405	0.5451470810188828	2	9.929155299284705
gl-at-uic-pavilion-2	0	5	36	49	10	0	1	12600	0.1486737762514963	-1.7450409122438644	0.10802706873500552	1	9.441452092939569
gl-at-united-center	0	3	25	58	72	0	1	23500	0.30007669279052707	-0.8469326832915406	0.7096190048327659	3	10.06475570013225
gl-at-yanni-new-york	0	3	64	40	9	1	1	12800	0.27823247309211835	-0.9532461037664541	0.11906545288358827	3	9.457200449907708
gl-auditorium-theatre-batsheva	0	3	15	62	44	0	1	3600	0.2908433705132317	-0.8912915415877888	-0.3887002179512187	3	8.1886891244442
gl-barelycorn-schaumburg	0	2	10	52	4	0	1	800	0.35861895132879823	-0.5813633321299485	-0.5432375960313773	4	6.684611727667927
gl-big-apple-circus-1	0	3	29	52	3	0	1	29000	0.2541576091499484	-1.0765597225165304	1.0131745689187919	2	10.275051108968611
gl-big-apple-circus-2	0	6	27	51	8	0	1	27000	0.11722348252716397	-2.018989854042652	0.9027907274329642	1	10.203592144986466
gl-big-apple-circus-3	0	4	27	51	15	0	1	16200	0.20790809838865562	-1.3375812750769756	0.3067179834094952	2	9.692766521220475
gl-big-hearts-comedy-lowell	0	2	33	49	8	0	1	660	0.3227542109617776	-0.7411431864363635	-0.5509644649353852	3	6.492239835020471
gl-bmcc-tribeca-performing-arts-center	0	3	8	53	6	0	1	240	0.29039705442986946	-0.8934564422643201	-0.574145071647409	3	5.480638923341991
gl-bmop	0	3	19	53	8	0	1	570	0.2727025181588713	-0.9809540608343705	-0.5559317378022475	2	6.345636360828596
gl-boston-university	0	2	10	63	7	0	1	100	0.34116520651317006	-0.6581059737967668	-0.5818719405514169	4	4.605170185988092
gl-brit-floyd	0	3	25	49	40	0	1	3500	0.291494098915631	-0.8881386263504736	-0.39421941002551003	3	8.160518247477505
gl-brockton-rox	0	4	16	50	70	0	1	4320	0.26085758394173963	-1.0415160139360213	-0.3489620350163207	2	8.371010681238156
gl-burlesque-to-broadway	0	3	45	50	19	0	1	450	0.24197574096685437	-1.1418779119384572	-0.5625547682913971	2	6.1092475827643655
gl-butterfiles-uncovered-theatre	0	2	9	53	4	0	1	90	0.3587702529521389	-0.5807055927327737	-0.582423859758846	4	4.499809670330265
gl-bye-bye-liver-chicago	0	3	20	50	5	0	1	10200	0.27362691717852855	-0.9762982086036041	-0.024433541047987593	3	9.230142999272362
gl-cape-cod-melody-tent	0	3	39	49	9	1	1	5850	0.3079293566591124	-0.8098176409901859	-0.2645183962796626	3	8.674196940225903
gl-captivate-marketing-group-1	0	3	54	50	26	1	1	17820	0.2917641540417347	-0.8868313697114923	0.3961288950130155	3	9.788076701024801
gl-carol-fox-associates-inc	0	4	40	50	33	0	1	4800	0.20132823998408542	-1.378013437007902	-0.3224699130597221	1	8.476371196895983
gl-cause-i-love-you	0	3	32	51	4	0	1	960	0.2514514342373401	-1.0908862194046105	-0.5344068887125111	2	6.866933284461882
gl-cbb	0	4	15	57	4	0	1	10650	0.2106873346856652	-1.3207873144956621	0.000402823286323615	2	9.273315171137572
gl-center-for-ballroom-dance	0	3	11	50	5	0	1	2310	0.2892664224573709	-0.8989495039901517	-0.45989779570957745	3	7.745002803515839
gl-central-square-theater	0	4	66	50	349	0	1	5280	0.38008329563056675	-0.4891946934947857	-0.29597779110312344	4	8.571681376700306
gl-charter-one-pavilion	0	3	65	45	99	0	1	24050	0.2704198197342285	-0.9924936338688961	0.7399745612413685	2	10.087890275533907
gl-chicago-cubs	0	3	99	51	8	0	1	99000	0.16075449160823163	-1.6526249796119725	4.876609020922757	1	11.502875129116727
gl-chicago-cubs-rooftops	0	4	99	56	4	0	1	70290	0.11560015297737529	-2.0347719964391175	3.2920489763937026	1	11.16038482016995
gl-chicago-express	0	2	22	50	12	0	1	3300	0.34514186979282213	-0.6404630677759039	-0.4052577941740928	4	8.101677747454572
gl-chicago-philharmonic-orchestra-1	0	3	40	50	9	0	1	1600	0.2434043621266655	-1.1341048447184936	-0.49908405943704626	2	7.3777589082278725
gl-chicago-rush-1	0	3	20	64	15	0	1	2400	0.2588006335727518	-1.0522116288765686	-0.4549305228427152	2	7.783224016336037
gl-chicago-sky-1	0	3	20	55	5	0	1	2600	0.26581098917933615	-1.0159810141807575	-0.44389213869413247	2	7.8632667240095735
gl-chicago-slaughter	0	3	6	54	10	0	1	6000	0.29522828689657343	-0.8701250282173131	-0.25623960816822555	3	8.699514748210191
gl-chicago-white-sox-chicago-1	0	4	36	40	31	0	1	36	0.2190330309884264	-1.271310310871785	-0.5854042234789634	2	3.58351893845611
gl-chicago-white-sox-chicago-2	0	4	36	40	29	0	1	36	0.21783122132494614	-1.2783499979403983	-0.5854042234789634	2	3.58351893845611
gl-chicago-wolves-1	0	4	18	53	3	0	1	9360	0.21109397145468273	-1.3183438151060634	-0.07079475447203518	2	9.144200569471638
gl-chicago-youth-symphony-orchestras	0	3	20	50	12	0	1	600	0.278551245031266	-0.9516593038634582	-0.55427598017996	3	6.396929655216146
gl-chicagoland-speedway-route-66	0	4	10	50	28	0	1	9500	0.24272751985453092	-1.137783639301261	-0.06306788556802725	2	9.159047077588632
gl-city-lit-theater	0	4	18	50	7	0	1	180	0.21747282371161597	-1.280454757622545	-0.5774565868919839	2	5.19295685089021
gl-clearwater-music-festival-nyc	0	4	42	51	8	0	1	4200	0.183751478114744	-1.4911346875062077	-0.35558506550547037	1	8.34283980427146
gl-collegiate-chorale	0	2	17	51	4	0	1	340	0.34669767035907467	-0.6335868746027585	-0.5686258795731176	4	5.8289456176102075
gl-congress-theatre-1	0	3	15	50	13	1	1	1650	0.3549360983324657	-0.5974116156658513	-0.49632446339990055	4	7.408530566894626
gl-congress-theatre-matisyahu	0	3	15	48	28	0	1	4050	0.30227303030901803	-0.8364971825206633	-0.36386385361690743	3	8.306472160100585
gl-cro-ns-productions	0	2	23	50	8	0	1	207	0.3400353382768382	-0.6631367424257363	-0.5759664050319252	4	5.332718793265369
gl-cvs-caremark-charity-classic	0	3	52	50	35	1	1	260	0.3019637250383967	-0.837964176877522	-0.5730412332325507	3	5.560681631015528
gl-dancing-queen	0	3	50	50	12	0	1	8000	0.2297915994895796	-1.2094883192416317	-0.14585576668239794	2	8.987196820661973
gl-dokken	0	2	13	48	33	0	1	390	0.38382967517157596	-0.4733245267111531	-0.5658662835359719	4	5.966146739123692
gl-dont-dress-for-dinner-1	0	4	59	50	3	0	1	1180	0.16152830239211677	-1.6469004527766082	-0.5222646661490701	1	7.07326971745971
gl-dora-the-explorer-1	0	4	28	50	2	0	1	4760	0.20036783426677993	-1.3839969804201353	-0.3246775898894386	1	8.468002947225466
gl-doyle-and-debbie	0	2	25	52	3	1	1	5500	0.39986171201766085	-0.40604134125307073	-0.28383556853968245	5	8.612503371220562
gl-drom-ny	0	2	29	58	12	0	1	1740	0.3177533795201334	-0.7641156602875903	-0.49135719053303833	3	7.461640392208575
gl-eat-your-heart-out	0	3	15	50	8	0	1	15	0.28439439890277585	-0.9227671754376554	-0.5865632538145646	3	2.70805020110221
gl-el-festival-cubano	0	4	150	50	41	0	1	7500	0.09151896906282905	-2.2952277451200866	-0.17345172705385484	1	8.922658299524402
gl-elbo-room	0	3	20	85	220	0	1	3400	0.3781726868537872	-0.49731148776777256	-0.3997386020998014	4	8.131530710604252
gl-empire-city-at-yonkers-raceway	0	2	24	50	3	1	1	216	0.40574734321623995	-0.3815739185096033	-0.5754696777452389	5	5.375278407684165
gl-faf-rhythms-of-one-world	0	3	18	49	11	0	1	540	0.28291376219708586	-0.9300539852571227	-0.5575874954245349	3	6.29156913955832
gl-firefly-festival-afterparty-1	0	3	24	50	19	0	1	2400	0.2765984591135018	-0.9613976011737357	-0.4549305228427152	3	7.783224016336037
gl-flashback-history-of-house	0	3	15	67	9	0	1	3000	0.25842536708333697	-1.054168870865671	-0.4218153703969669	2	8.006367567650246
gl-gigantour-massconcerts	0	3	31	50	6	0	1	2170	0.2559139044658322	-1.067315670707961	-0.4676246646135854	2	7.682482446534506
gl-girls-night-the-musical-6	0	3	25	50	7	0	1	1000	0.26654365829876847	-1.0122300240980198	-0.5321992118827945	2	6.907755278982137
gl-glen-matlock-reggies	0	3	10	50	18	0	1	200	0.30056743694144267	-0.8445972375315609	-0.5763527484771256	3	5.298317366548036
gl-gordon-spedding-reggies	0	2	10	52	13	0	1	300	0.36593755473683187	-0.5496847403211896	-0.5708335564028342	4	5.703782474656201
gl-gramercy-theatre	0	3	10	64	107	0	1	400	0.3446945006836214	-0.642443018594309	-0.5653143643285428	4	5.991464547107982
gl-gramercy-theatre-1	0	3	18	49	8	0	1	360	0.28077643189889695	-0.940613515860042	-0.5675220411582593	3	5.886104031450156
gl-green-music-fest	0	3	11	50	19	0	1	8580	0.2995017316295163	-0.8496716945098601	-0.11384445265150794	3	9.057189192482008
gl-harold-washington-chicago	0	3	33	50	35	0	1	6270	0.2724101207401804	-0.9824288092382831	-0.24133778956763882	2	8.743531633626967
gl-harris-theater-music-dance	0	3	12	52	3	0	1	1560	0.28283208664858933	-0.9304566138022321	-0.5012917362667628	3	7.352441100243583
gl-harvard-athletics-1	0	4	10	50	4	0	1	2200	0.22753899748053547	-1.2222598841246182	-0.46596890699129795	2	7.696212639346407
gl-hasty-pudding-theatricals	0	5	19	50	1	0	1	760	0.16266205822003643	-1.6385529564537555	-0.5454452728610938	1	6.633318433280377
gl-hot-8-band-freedom-hall	0	2	15	52	5	0	1	900	0.3495961171111922	-0.620814991158671	-0.5377184039570859	4	6.802394763324311
gl-house-music-hot-mix	0	6	15	67	9	0	1	1500	0.1151356475324323	-2.0393233822039676	-0.5046032515113377	1	7.313220387090301
gl-house-of-blues-chicago-1	0	3	12	63	5	0	1	84	0.26683914551167714	-1.010719099003357	-0.5827550112833035	2	4.430816798843313
gl-house-of-blues-chicago-2	0	3	25	72	3	0	1	2000	0.2313127066263274	-1.2009137427747216	-0.4770072911398807	2	7.600902459542082
gl-house-of-blues-chicago-3	0	3	25	72	6	0	1	750	0.23319559119189545	-1.1903542121718018	-0.5459971920685229	2	6.620073206530356
gl-imagination-movers-rockomatic-tour	0	2	18	54	5	1	1	720	0.4122395940209685	-0.35471467282707875	-0.5476529496908104	5	6.579251212010101
gl-improv-asylum	0	4	30	40	92	0	1	9600	0.2679528186260768	-1.0050340522034515	-0.05754869349373587	2	9.169518377455928
gl-international-festival-of-life	0	3	7	53	35	0	1	2380	0.31371960387310455	-0.7827866792568248	-0.45603436125757346	3	7.77485576666552
gl-iowa-pacific	0	3	24	51	3	0	1	1680	0.2639279888326526	-1.0256516588380709	-0.4946687057776131	2	7.426549072397305
gl-irish-arts-center	0	2	25	61	4	1	1	50	0.38368162917625415	-0.47395054775764034	-0.5846315365885626	4	3.912023005428146
gl-irish-heritage-festival	0	3	20	50	32	0	1	10200	0.2929162400578721	-0.8812624331773273	-0.024433541047987593	3	9.230142999272362
gl-james-mccartney	0	2	15	48	3	1	1	60	0.4284073500921171	-0.28835209166528974	-0.5840796173811335	5	4.0943445622221
gl-jenny-q-chai	0	4	20	57	4	0	1	160	0.20363007513853063	-1.3637588170586907	-0.5785604253068422	2	5.075173815233827
gl-joe-masse-downtown-comedy	0	2	9	59	12	0	1	90	0.3543056682029645	-0.6001662111509055	-0.582423859758846	4	4.499809670330265
gl-jokes-and-notes-1	0	3	10	50	9	0	1	1000	0.2939501125563337	-0.8762758293403199	-0.5321992118827945	3	6.907755278982137
gl-joliet-slammers	0	3	10	71	23	0	1	2300	0.2701886212267358	-0.9936658032840732	-0.4604497149170066	2	7.7406644019172415
gl-joliet-slammers-1	0	3	20	51	3	0	1	5200	0.2706604220805076	-0.991274456787648	-0.3003931447625566	2	8.556413904569519
gl-jose-limon-dance-company	0	2	35	49	5	0	1	1750	0.31671898521311065	-0.7688913180644942	-0.4908052713256092	3	7.4673710669175595
gl-kiss-kiss-cabaret-club	0	4	24	57	180	0	1	5280	0.31461230417396097	-0.7786435570711633	-0.29597779110312344	3	8.571681376700306
gl-korn-react-presents	0	4	24	48	21	0	1	9120	0.21979359089599493	-1.2668696289870267	-0.0840408154503345	2	9.118225083068378
gl-lamb-of-god-and-dethklok	0	3	20	50	96	0	1	20	0.341640426478588	-0.6559924469817089	-0.58628729421085	4	2.995732273553991
gl-laugh-out-loud-chicago-1	0	2	10	55	219	0	1	10000	0.537825925473328	0.1515933443996654	-0.03547192519657035	5	9.210340371976184
gl-laughing-devil-comedy-club	0	3	20	50	11	0	1	200	0.2778444473482345	-0.955179147397765	-0.5763527484771256	3	5.298317366548036
gl-live-in-theater-productions	0	3	25	51	4	0	1	4250	0.26294335568895033	-1.0307261158163703	-0.35282546946832466	2	8.354674261918463
gl-loyola-fine-arts	0	3	7	53	18	0	1	280	0.3009824231694505	-0.8426240193400362	-0.5719373948176925	3	5.634789603169249
gl-lucky-boys-confusion-shop-class	0	2	14	44	17	0	1	1960	0.37601669262860415	-0.5064900793109409	-0.4792149679695973	4	7.580699752224563
gl-lynn-auditorium-boston	0	2	15	52	19	0	1	1350	0.36088220391304887	-0.5715371816783795	-0.5128820396227747	4	7.2078598714324755
gl-marriage-of-figaro-lucky-ten	0	4	30	50	17	0	1	150	0.2061340507420694	-1.348387928430749	-0.5791123445142713	2	5.0106352940962555
gl-metropolitan-room	0	3	49	69	191	1	0	16170	0.48818107399072647	-0.047284512059278944	0.30506222578720776	5	9.690912952571152
gl-metropolitan-room-1	0	4	39	72	125	0	1	7410	0.22790162996879218	-1.2201978758785705	-0.17841899992071708	2	8.910585718290132
gl-millennium-theatre	0	3	28	50	40	0	1	2520	0.28457944718111383	-0.9218580890037215	-0.44830749235356554	3	7.832014180505469
gl-millennium-theatre-1	0	5	28	50	9	0	1	2520	0.15607289972044008	-1.687742912792755	-0.44830749235356554	1	7.832014180505469
gl-millennium-theatre-2	0	6	28	49	14	0	1	5600	0.12019424887194011	-1.9905919711185576	-0.27831637646539104	1	8.630521876723241
gl-mpaact	0	3	10	57	10	0	1	600	0.28326731609994965	-0.9283119136140282	-0.55427598017996	3	6.396929655216146
gl-musical-chairs-world-championship	0	2	35	56	11	1	1	700	0.37858186514059566	-0.4955718425663989	-0.5487567881056686	4	6.551080335043404
gl-my-sinatra-1	0	3	30	61	42	1	1	7500	0.32925581166951556	-0.7115528331297866	-0.17345172705385484	4	8.922658299524402
gl-national-pastime-theater	0	3	30	50	6	0	1	300	0.257553878328334	-1.0587213701953555	-0.5708335564028342	2	5.703782474656201
gl-new-hampshire-fisher-cats	0	3	24	50	4	1	1	2160	0.3303861873840224	-0.7064389120880623	-0.4681765838210145	4	7.67786350067821
gl-new-millennium-orchestra	0	4	20	60	11	0	1	1600	0.20376457876351078	-1.3629295956648375	-0.49908405943704626	2	7.3777589082278725
gl-new-york-sportimes	0	2	15	50	2	1	1	300	0.4236652399786409	-0.3077450574304579	-0.5708335564028342	5	5.703782474656201
gl-nick-carter-hob-chicago	0	2	30	68	4	0	1	2700	0.2931292243513151	-0.8802343202289554	-0.43837294661984105	3	7.90100705199242
gl-niu-convocation-tpain	0	2	19	49	5	0	1	570	0.34719712401652203	-0.631382509862802	-0.5559317378022475	4	6.345636360828596
gl-noches-de-rock-shop-class	0	2	6	54	9	0	1	120	0.3669648147571913	-0.545260034638854	-0.5807681021365586	4	4.787491742782046
gl-nolafunk	0	3	30	51	5	0	1	1200	0.2553692777827793	-1.0701777748450927	-0.5211608277342118	2	7.090076835776092
gl-north-central-college	0	3	16	50	5	0	1	2560	0.2805124715825664	-0.9419210065531809	-0.446099815523849	3	7.847762537473608
gl-north-plan-theater-wit	0	3	12	50	11	0	1	360	0.29184818555680553	-0.8864247432969183	-0.5675220411582593	3	5.886104031450156
gl-north-shore-navigators	0	3	10	50	43	1	1	500	0.3896354585972629	-0.4488448070736267	-0.5597951722542515	4	6.214608098422191
gl-ny-opera-exchange	0	3	20	51	7	0	1	200	0.27344869496949825	-0.9771950826504218	-0.5763527484771256	2	5.298317366548036
gl-octavarius	0	4	20	55	177	0	1	1400	0.3232331880076912	-0.738952763392798	-0.510122443585629	3	7.24422751560335
gl-ogunquit-playhouse-1	0	3	25	54	8	1	1	4750	0.32460249269322194	-0.7327000829251649	-0.32522950909686776	3	8.465899897028686
gl-petite-messe-solennellle-dgcs	0	3	20	50	16	0	1	60	0.2813894446027443	-0.937579929726232	-0.5840796173811335	3	4.0943445622221
gl-players-theatre	0	2	13	52	4	0	1	780	0.35271045511132554	-0.6071462336677655	-0.5443414344462355	4	6.659293919683638
gl-princess-and-the-pea	0	2	8	50	4	0	1	240	0.3662585384053782	-0.548301608873875	-0.574145071647409	4	5.480638923341991
gl-profiles-theatre-1	0	3	40	50	15	0	1	320	0.2473146653593114	-1.1129857835126544	-0.5697297179879759	2	5.768320995793772
gl-rebirth-brass-band	0	4	15	48	15	0	1	3900	0.22958783246818146	-1.2106399855794137	-0.3721426417283445	2	8.268731832117737
gl-reggies-anvil	0	3	12	52	17	0	1	120	0.29293356125830344	-0.8811788043219404	-0.5807681021365586	3	4.787491742782046
gl-rialto-square-theatre	0	2	19	59	9	0	1	7030	0.33255122289058664	-0.6966687468798827	-0.19939192980302434	4	8.857941984804711
gl-rib-vajer-jokes-and-notes	0	2	10	50	4	0	1	700	0.36227808522981425	-0.5654902098990873	-0.5487567881056686	4	6.551080335043404
gl-risky-productions	0	2	123	35	11	0	1	4920	0.1989358139773304	-1.392958846351935	-0.3158468825705724	1	8.501063809486354
gl-river-north-dance-chicago	0	3	60	50	8	0	1	3000	0.21256873348675037	-1.309510698504916	-0.4218153703969669	2	8.006367567650246
gl-riverfront-theater-chicago-1	0	5	29	51	15	0	1	2900	0.1566781846078947	-1.683154713214952	-0.4273345624712583	1	7.9724660159745655
gl-riverfront-theatre-chicago	0	3	42	51	13	0	1	2520	0.24137595414609705	-1.1451506327219096	-0.44830749235356554	2	7.832014180505469
gl-rocks-off-entertainment	0	3	18	49	8	0	1	1440	0.28077643189889695	-0.940613515860042	-0.5079147667559124	3	7.272398392570047
gl-roger-clyne-the-peacemakers	0	3	12	48	72	0	1	840	0.3416744538702701	-0.6558411654733578	-0.5410299192016608	4	6.733401891837359
gl-rogue-productions	0	3	15	56	168	0	0	750	0.4898474597503199	-0.0406157435194042	-0.5459971920685229	5	6.620073206530356
gl-route-66	0	3	16	53	5	0	1	6720	0.2757322836301507	-0.9657306898994729	-0.2165014252333276	3	8.812843433517195
gl-roy-arias-studios	0	4	19	76	94	0	0	3230	0.30521681784646154	-0.8225774265298911	-0.40912122862609673	3	8.080237416216702
gl-schaumburg-boomers	0	3	29	50	8	0	1	2900	0.2605547207975769	-1.0430873826141362	-0.4273345624712583	2	7.9724660159745655
gl-schaumburg-boomers-1	0	3	29	50	12	0	1	870	0.2632764676077934	-1.0290080084769102	-0.5393741615793733	2	6.76849321164863
gl-sebastian-bach-shop-class	0	3	15	40	13	0	1	1650	0.30453337277312664	-0.8258023466118158	-0.49632446339990055	3	7.408530566894626
gl-second-stage-chicago	0	3	17	51	5	0	1	170	0.27718826370038163	-0.9584518681812172	-0.578008506099413	3	5.135798437050262
gl-second-stage-theatre	0	3	42	50	49	0	1	420	0.2668820691989384	-1.0104997043714437	-0.5642105259136845	2	6.040254711277414
gl-shake-rattle-roll-dueling-pianos	0	8	25	54	178	0	0	2250	0.1522048952528202	-1.7174113766353636	-0.4632093109541523	1	7.718685495198466
gl-shatners-world-auditorium-theatre	0	5	33	49	27	0	1	5280	0.15983978034897459	-1.6594206706228358	-0.29597779110312344	1	8.571681376700306
gl-shedd-aquarium	0	4	18	50	11	0	1	90000	0.21987835801137545	-1.2663753834853186	4.379881734236533	2	11.407564949312402
gl-shop-class-2	0	3	12	40	28	0	1	840	0.3214269595312221	-0.7472217920594002	-0.5410299192016608	3	6.733401891837359
gl-si-comedy-fest	0	3	12	52	8	0	1	600	0.2864154816697038	-0.9128573961306997	-0.55427598017996	3	6.396929655216146
gl-sirens-citadel-theatre	0	3	36	51	9	0	1	288	0.24830660958505613	-1.1076642037835012	-0.5714958594517492	2	5.662960480135946
gl-skokie-valley-chicago	0	3	40	51	60	0	1	400	0.27637205565699646	-0.9625293855842907	-0.5653143643285428	3	5.991464547107982
gl-smithfest-events	0	4	35	56	7	0	1	350	0.18630852525708486	-1.4741772330294274	-0.5680739603656885	1	5.857933154483459
gl-soho-playhouse	0	2	20	49	3	0	1	140	0.3436621774023488	-0.647016497444021	-0.5796642637217004	4	4.941642422609304
gl-songs-mother-taught-paramount-theatre	0	4	15	57	3	0	1	10050	0.21010258717883498	-1.3243071580299683	-0.032712329159424666	2	9.215327913487222
gl-spiegelworld-new-york	0	9	49	45	33	0	0	0	0.06350606166873056	-2.69100768848624	-0.5873911326257083	1	0.0
gl-stained-glass-coffeehouse	0	3	24	51	5	0	1	168	0.2652978597728985	-1.0186119717694575	-0.5781188899408988	2	5.123963979403259
gl-staten-island-yankees	0	6	15	69	24	0	1	3000	0.11895128799287469	-2.0023988514202307	-0.4218153703969669	1	8.006367567650246
gl-stripped-the-play	0	3	25	50	38	0	1	2000	0.2884108105442425	-0.9031148745345173	-0.4770072911398807	3	7.600902459542082
gl-taste-concert-series	0	4	25	0	9	0	1	7000	0.2815578775635476	-0.9367471183706372	-0.20104768742531173	3	8.85366542803745
gl-teatro-luna-1	0	3	15	55	3	0	1	1050	0.2728820216731888	-0.9800491986863412	-0.5294396158456488	2	6.956545443151569
gl-the-comedy-shrine-theater-4	0	2	13	50	108	1	1	780	0.5206250293079607	0.08254695823124711	-0.5443414344462355	5	6.659293919683638
gl-the-cult-with-against-me	0	4	13	50	2	0	1	2470	0.2218215785725872	-1.255082472731049	-0.45106708839071125	2	7.8119734296220225
gl-the-dan-band-1	0	2	18	49	3	1	1	1080	0.42017097731613456	-0.3220715543185379	-0.5277838582233614	5	6.984716320118266
gl-the-harold-washington-1	0	4	40	50	8	0	1	6000	0.18754990430171278	-1.4660095253655654	-0.25623960816822555	1	8.699514748210191
gl-the-news-by-jacobtv-a-reality-opera	0	3	10	52	5	0	1	40	0.28777225809010604	-0.9062283257084075	-0.5851834557959917	3	3.6888794541139363
gl-theori-stages-1	0	3	25	55	17	0	1	1000	0.2656678905874567	-1.0167143943321078	-0.5321992118827945	2	6.907755278982137
gl-threesixty-theatre-chicago	0	4	42	51	11	0	1	3780	0.18534056095862447	-1.480575156903288	-0.3787656722174942	1	8.237479288613633
gl-thunderbolts	0	4	19	50	61	0	1	5130	0.24993152776237856	-1.0989775072825976	-0.30425657921456056	2	8.542860938164814
gl-traces	0	6	39	55	3	0	1	33540	0.10234219119816323	-2.171466922327177	1.2637458890916204	1	10.4204940353772
gl-triassac-parq	0	3	33	48	4	0	1	330	0.25432614453813324	-1.075670836570924	-0.5691777987805468	2	5.799092654460526
gl-trippin-billies-shop-class	0	4	10	47	5	0	1	700	0.23237830522613528	-1.1949303572440197	-0.5487567881056686	2	6.551080335043404
gl-tsx-operating-co	0	8	13	50	39	0	0	65000	0.11186889403581679	-2.07179177729098	3.0000837156636884	1	11.082142548877775
gl-undead-music-festival	0	3	15	50	3	0	1	900	0.28082633882450647	-0.9403663931091879	-0.5377184039570859	3	6.802394763324311
gl-united-pies-inc	0	3	20	52	0	0	1	200	0.2670247571887536	-1.009770548505998	-0.5763527484771256	2	5.298317366548036
gl-viva-aragon-entertainment	0	3	15	61	15	0	1	900	0.2718155949814468	-0.9854304429672475	-0.5377184039570859	2	6.802394763324311
gl-viva-aragon-entertainment-1	0	3	10	50	96	0	0	1900	0.4493113252358181	-0.20345360873386217	-0.48252648321417213	5	7.549609165154532
gl-wavefront-music-festival-1	0	2	20	50	3	1	1	3000	0.41406237469555657	-0.34719671645918043	-0.4218153703969669	5	8.006367567650246
gl-webster-hall-1	0	3	10	73	5	0	1	1100	0.2548527145516818	-1.072896109132452	-0.5266800198085031	2	7.003065458786462
gl-wellesley-symphony-orchestra	0	5	25	50	16	0	1	500	0.16282990974594555	-1.6373211065147921	-0.5597951722542515	1	6.214608098422191
gl-wgbh	0	4	10	50	4	0	1	1700	0.22753899748053547	-1.2222598841246182	-0.49356486736275484	2	7.438383530044307
gl-willy-torres-latin-street-dancing	0	2	12	54	3	0	1	120	0.35024899625503775	-0.6179448989203281	-0.5807681021365586	4	4.787491742782046
gl-wind-power-aco	0	3	12	52	4	0	1	840	0.28354659044119745	-0.9269367702679254	-0.5410299192016608	3	6.733401891837359
gl-windy-city-fight-night	0	3	18	42	14	0	1	4320	0.2965171318632406	-0.863938526846188	-0.3489620350163207	3	8.371010681238156
gl-with-that-said-lol	0	2	10	50	3	0	1	100	0.36146528121905835	-0.5690100534333936	-0.5818719405514169	4	4.605170185988092
gl-worcester-tornadoes-6	0	4	18	50	36	0	1	1080	0.23534372840617412	-1.1783792951276553	-0.5277838582233614	2	6.984716320118266
gl-world-festival-chicago	0	2	22	58	4	0	1	660	0.32473092933330727	-0.7321143049738019	-0.5509644649353852	3	6.492239835020471
gl-wrigley-view-rooftop-2	0	3	90	58	4	0	1	22500	0.16179785095448673	-1.6449115769437612	0.6544270840898521	1	10.021270588192511
gl-wrigley-view-rooftop-3	0	4	99	61	10	0	1	2970	0.11371575692176096	-2.053335740810432	-0.42347112801925435	1	7.996317231796746
gl-wrigley-view-rooftop-4	0	5	99	61	2	0	1	64350	0.08242244410520286	-2.40987932619765	2.9642089671807947	1	11.072092213024273
gl-xfo-44-mma	0	3	17	50	11	0	1	3910	0.28304721918466724	-0.9293962458599472	-0.37159072252091535	3	8.271292652979412
gl-yello-dubmarine-cubby-bear	0	2	20	50	53	0	1	200	0.38249752785550933	-0.4789608818441246	-0.5763527484771256	4	5.298317366548036
gl-your-funniest-friends	0	3	10	57	3	0	1	600	0.27829177594475607	-0.9529508183541742	-0.55427598017996	3	6.396929655216146
gl-zarkana-cirque-du-soleil-new-york-2	0	5	54	49	36	0	1	0	0.1408531033012681	-1.8082223895787988	-0.5873911326257083	1	0.0
gl-zastrozzi-viaduct-theater-1	0	3	10	50	14	0	1	100	0.2976159135396795	-0.8586766116687872	-0.5818719405514169	3	4.605170185988092
gl-zoe-dance	0	2	12	48	7	0	1	120	0.36441647040839054	-0.5562461580905174	-0.5807681021365586	4	4.787491742782046
gl-zoppe-family-circus	0	3	26	51	22	0	1	3380	0.27369350043649104	-0.9759632327114581	-0.40084244051465967	3	8.125630988477065
great-lakes-board-company-1	0	3	164	53	215	0	1	11480	0.1826463607950987	-1.4985200235607568	0.04621211750294207	1	9.348361669873558
great-urban-race	0	3	60	50	4	1	1	5400	0.2658397333839861	-1.015833730541871	-0.2893547606139738	2	8.594154232552366
gsoutfitting-boston	0	5	135	51	190	0	1	6750	0.12151320362943464	-1.9781779490475218	-0.21484566761104018	1	8.817297783866575
gt-dream-cars-13	0	3	59	67	366	1	1	29500	0.5329577406320868	0.13202239042738045	1.0407705292902487	5	10.292145542327912
gt-dream-cars-new-york	0	4	59	67	368	0	1	25370	0.37822733586420487	-0.4970791017170433	0.8128278966220147	4	10.141322652593328
gymboree-play-music-7	0	5	89	76	98	0	1	22250	0.10860407506928015	-2.105079758509625	0.6406291039041236	1	10.010097287594386
hall-quarry-beach-batavia-park-district	0	4	20	50	382	0	1	6400	0.5055742607213263	0.022297966717195916	-0.23416283987106	5	8.764053269347762
hampton-beach-parasail-and-jet-ski	0	5	59	53	108	0	1	10030	0.16389730522671198	-1.6295114021334793	-0.03381616757428294	1	9.21333588095598
hampton-luxury-liner-5	0	4	149	57	105	0	1	17880	0.10746318999582469	-2.116919386219877	0.39944041025759036	1	9.791438048727505
hampton-luxury-liner-7	0	4	149	57	63	0	1	22350	0.09408449192722278	-2.2647528146607523	0.646148295978415	1	10.014581600041716
hampton-luxury-liner-nyc-2	0	4	149	57	64	0	0	25330	0.1307166494394458	-1.894637138004657	0.8106202197922981	1	10.13974474299572
haunted-boston-ghost-tours-2	0	5	18	50	126	0	1	8460	0.23326283217553845	-1.1899782141528323	-0.1204674831406576	2	9.04310445260027
haunted-hometowns-1	0	3	20	50	102	0	1	9600	0.3464063351410982	-0.6348733857758699	-0.05754869349373587	4	9.169518377455928
helen-h-fleet	0	6	49	43	59	0	1	49000	0.12292048675212494	-1.9650599561469004	2.1170129837770677	1	10.799575577092764
historic-richmond-town-5	0	3	29	72	15	0	0	4350	0.3043947419127701	-0.8264569892916774	-0.3473062773940333	3	8.37793112408273
illinois-skydiving-center-4	0	4	119	40	185	0	1	3570	0.191145930112352	-1.442581349134858	-0.39035597557350604	1	8.180320874773685
imagine-that-10	0	5	9	53	90	0	0	450	0.28975839887535165	-0.8965577269989186	-0.5625547682913971	3	6.1092475827643655
indiana-botanic-gardens-inc	0	4	15	50	92	0	1	450	0.27778305190834157	-0.9554851556686715	-0.5625547682913971	3	6.1092475827643655
institute-of-contemporary-art-4	0	5	32	51	158	1	1	32000	0.28949383002059587	-0.8978436472466634	1.1787503311475334	3	10.373491181781864
intrigue-dance-4	0	3	59	55	186	0	1	5900	0.32870079343901504	-0.7140670544628995	-0.2617588002425169	3	8.68270762989381
island-current	0	4	29	55	189	0	1	20300	0.3156007791979748	-0.7740633455945715	0.5330048584554418	3	9.918376165029878
island-current-fleet	0	5	29	55	188	0	1	29000	0.24862333700513053	-1.1059680262416438	1.0131745689187919	2	10.275051108968611
jewish-museum-ny	0	4	39	57	92	0	1	2340	0.22841119233303936	-1.2173042957792255	-0.45824203808729	2	7.757906208351747
jorday-riveras-dance-studio	0	3	29	66	189	0	0	4350	0.45849948534876356	-0.16638484762975492	-0.3473062773940333	5	8.37793112408273
jorday-riveras-dance-studio-1	0	3	29	66	185	0	1	2320	0.36654676732305896	-0.5470600548887701	-0.4593458765021483	4	7.749322464660356
jump-around-parties-playdates	0	4	25	52	189	0	0	4500	0.41355687800572016	-0.3492806270760678	-0.33902748928259624	5	8.411832675758411
kew-gardens-cinemas	0	3	15	59	97	0	0	15000	0.42205713515544774	-0.31433431780146087	0.24048767851799863	5	9.615805480084347
kidville-3	0	4	59	71	47	0	1	15340	0.1599372392418569	-1.6586951206911653	0.2592529315705893	1	9.638219074921247
king-richards-faire-2	0	6	29	50	56	0	1	29000	0.13478589916612996	-1.859289404305719	1.0131745689187919	1	10.275051108968611
la-gondola-6	0	4	79	56	59	0	1	9480	0.1585182507320232	-1.6692945918001425	-0.06417172398288552	1	9.156939595249067
larz-anderson-auto-museum-3	0	5	18	55	91	0	1	6660	0.20540391748859668	-1.3528555434307148	-0.21981294047790242	2	8.803874763534434
legendary-excursions-chicago	0	4	69	65	43	0	1	69	0.15302133708088983	-1.711098133261865	-0.5835828900944473	1	4.23410650459726
let-s-ride-rentals	0	5	65	45	176	0	1	1950	0.20129255885256733	-1.3782353559528235	-0.4797668871770264	1	7.575584651557793
lincolnwood-wine-expo	0	2	19	62	5	0	1	1330	0.3241953465879586	-0.7345578043634016	-0.513985878037633	3	7.1929342212158
liquid-planet-water-park-3	0	6	18	54	70	0	1	18000	0.14839811302254524	-1.7472205336484867	0.40606344074674	1	9.798127036878302
locals-surf-school-llc	0	3	39	51	140	0	1	15990	0.3379713728316089	-0.6723476023271617	0.2951276800534833	4	9.679718805828
longwood-gardens-new-york-1	0	5	9	50	62	0	0	540	0.2746207308728945	-0.9713036626132098	-0.5575874954245349	3	6.29156913955832
look-what-i-made	0	5	20	50	108	0	1	1600	0.21916756533084533	-1.2705239987955617	-0.49908405943704626	2	7.3777589082278725
luke-adams-glass-4	0	5	45	50	188	0	1	10800	0.2308009675854116	-1.203794028866183	0.008681611397760684	2	9.287301413112312
luna-park-at-coney-island-3	0	5	22	50	109	0	1	22000	0.2168373689346941	-1.2841927562864663	0.6268311237183952	2	9.998797732340453
magic-waters-9	0	4	24	50	18	0	1	7680	0.21529438985645794	-1.293302281820808	-0.16351718132013035	2	8.946374826141717
major-league-bocce-boston	0	4	29	52	5	0	1	580	0.1981487870241628	-1.3979048725606833	-0.5553798185948183	1	6.363028103540465
manhattan-helicopters-2	0	4	149	32	187	0	0	16390	0.22040937054834114	-1.263282355399185	0.3172044483506488	2	9.704426671737876
manhattan-kayak-company-4	0	4	39	51	133	0	1	24960	0.2639824491663415	-1.0253713441800731	0.79019920911742	2	10.125029822483365
mccormick-bridgehouse-chicago-river	0	4	8	50	98	0	1	3360	0.29437987709663266	-0.8742059908745918	-0.40194627892951795	3	8.11969625295725
medieval-times-chicago	0	4	39	42	1	0	1	15990	0.19488717199290181	-1.41856164066966	0.2951276800534833	1	9.679718805828
midwestern-helicopter-1	0	5	149	50	185	0	1	1490	0.10830616007289581	-2.108160812780105	-0.5051551707187668	1	7.306531398939505
monkey-zone	0	4	10	55	1812	0	1	4100	0.993951838551808	5.101934420324444	-0.3611042575797618	5	8.318742252692399
morgans-thunder-bowl	0	3	25	71	188	0	1	25000	0.3677675310185787	-0.5418061278125806	0.7924068859471366	4	10.126631103850338
movie-world-cinemas	0	4	9	53	92	0	0	9000	0.3632852990179972	-0.5611332028175402	-0.09066384593948415	4	9.104979856318357
murder-mystery-inc-1	0	2	99	50	187	1	1	27720	0.4064898764831555	-0.3784952466426344	0.9425289103678622	5	10.22990945330384
museum-city-new-york	0	7	10	50	181	0	1	7900	0.17017294193026034	-1.584402089890657	-0.15137495875668933	1	8.974618038455112
museum-of-sex-2	0	4	19	50	187	1	0	19000	0.5047185982275183	0.018874953262086522	0.4612553614896538	5	9.852194258148577
must-see-central-park	0	6	10	50	187	0	1	10000	0.2253252776357712	-1.2348981915720523	-0.03547192519657035	2	9.210340371976184
national-golf-expo	0	4	24	50	16	0	1	6240	0.2141074697789425	-1.3003419688894207	-0.24299354718992622	2	8.738735461363474
national-museum-of-crime-and-punishment-11	0	3	9	55	65	0	0	540	0.4149213585160666	-0.34365726336191266	-0.5575874954245349	5	6.29156913955832
national-vietnam-veterans-art-museum	0	3	10	50	145	0	1	900	0.40189460450437525	-0.3975771086746305	-0.5377184039570859	5	6.802394763324311
new-museum	0	3	30	50	2	0	0	4200	0.33043795772278833	-0.7062049112107927	-0.35558506550547037	4	8.34283980427146
new-york-cinema-village	0	3	6	50	2	0	1	2460	0.2959752799634919	-0.8665375320300425	-0.4516190075981404	3	7.807916628926408
new-york-sailing-school-2	0	5	99	51	85	0	1	3960	0.11523314948950339	-2.0383667016959	-0.3688311264837697	1	8.283999304248526
new-york-water-taxi-and-circle-line-new-york	0	5	14	52	124	0	1	14000	0.23531952031557546	-1.1785138214018835	0.18529575777508484	2	9.546812608597396
nuyorican-poets-cafe	0	4	15	56	129	0	0	4650	0.3760672800048084	-0.506274478470125	-0.3307487011711592	4	8.444622498581403
oak-forest-bowl	0	3	25	71	187	0	1	12750	0.3669494976861781	-0.5453259713468877	0.11630585684644258	4	9.453286550586572
odyssey-cruises-chicago	0	4	59	49	143	0	1	59000	0.24118645226154173	-1.146185796858262	2.668932191206206	2	10.985292722887856
odyssey-fun-world-2	0	4	18	50	66	0	1	18000	0.2548740070462407	-1.072783989098459	0.40606344074674	2	9.798127036878302
ohare-paintball-park-1	0	4	30	54	187	0	0	27300	0.3976743147107355	-0.41516493893857126	0.9193483036558384	5	10.21464198117305
olinville-arms	0	4	39	72	190	0	1	13260	0.2706340519000048	-0.9914080461486452	0.14445373642532863	2	9.492507263739853
olinville-arms-co	0	4	39	72	187	0	0	34710	0.34629351108308126	-0.6353717436297759	1.3283204363608296	4	10.454783108855832
olly-olly-play-cafe-1	0	3	25	58	185	0	1	5250	0.3895532815188188	-0.4491903639149011	-0.29763354872541087	4	8.565983355585669
onboard-tours-ny	0	3	29	52	119	0	1	5510	0.3388870419690161	-0.668257872536972	-0.2832836493322533	4	8.61431990214696
one-stop-fun-5	0	5	35	53	89	0	1	15750	0.18390293377972497	-1.4901252169827646	0.281881619075184	1	9.66459564425378
operation-paintball-chicago-1	0	3	30	60	186	0	1	1200	0.37648018108927356	-0.5045151451744853	-0.5211608277342118	4	7.090076835776092
orland-bowl	0	3	29	65	170	0	1	15080	0.3561941755336988	-0.5919211467879376	0.24490303217743173	4	9.621124641561947
paddle-and-trail-3	0	3	50	50	59	0	1	6500	0.26036820743578515	-1.0440556731292245	-0.22864364779676863	2	8.779557455883728
paper-crown-gallery	0	3	30	65	158	0	1	2700	0.34462435671804054	-0.6427535697122218	-0.43837294661984105	4	7.90100705199242
paramotor-tours-4	0	6	75	50	428	1	0	20250	0.4326878146783371	-0.2708932579014928	0.5302452624182961	5	9.915910072534686
paramotor-tours-6	0	6	109	64	366	0	1	26160	0.1726739406012805	-1.5667938052951849	0.8564295140089166	1	10.171986805571136
paramotor-tours-boston	0	6	109	64	362	0	1	26160	0.17067185406724614	-1.5808731794324107	0.8564295140089166	1	10.171986805571136
party-time-palace-1	0	3	150	41	161	0	1	21000	0.18648210611798574	-1.47303263385166	0.5716392029754814	1	9.95227771670556
pedal-pub-chicago	0	3	149	61	185	0	1	2980	0.17672530922582147	-1.5386933108243115	-0.4229192088118252	1	7.9996785794994505
peggy-notebaert-nature-museum-3	0	3	30	50	92	0	1	12300	0.3195121151914506	-0.7560148262449929	0.09146949251213138	3	9.417354541360508
pelham-picture-house	0	3	18	51	188	0	1	2700	0.4199655529983568	-0.3229148019157263	-0.43837294661984105	5	7.90100705199242
penobscot-adventures-3	0	5	99	55	363	0	1	4950	0.2513177768707222	-1.0915964436204044	-0.31419112494828505	2	8.507142855562735
phat-tire-bike-tours	0	6	49	51	134	0	1	245	0.1462196295382141	-1.7645641799973553	-0.5738691120436944	1	5.501258210544727
play-23	0	4	15	50	186	0	1	4500	0.3487314661586401	-0.624619863443857	-0.33902748928259624	4	8.411832675758411
polluted-eyeball	0	3	35	56	135	0	0	5950	0.41856753126446294	-0.3286565904036361	-0.2589992042053712	5	8.691146498539675
putting-edge-chicago-1	0	3	10	52	110	0	0	7100	0.4575899168202741	-0.170048921484432	-0.19552849535102035	5	8.867850063029406
randolph-recreation	0	4	40	68	375	0	1	2400	0.4213863077020399	-0.31708504835281814	-0.4549305228427152	5	7.783224016336037
reznik-studios-nyc	0	3	29	71	96	0	0	2900	0.369721188625497	-0.533413101897417	-0.4273345624712583	4	7.9724660159745655
rib-adventure-tours-1	0	5	45	63	42	0	1	9900	0.1393299347886623	-1.8208664793755371	-0.04099111727086173	1	9.20029003612268
richmond-hunting-club-1	0	4	92	46	365	0	1	15640	0.34873989173961195	-0.6245827658119091	0.27581050779346344	4	9.657587014099303
robin-hood-springtime-festival-3	0	4	16	50	5	0	1	320	0.21920490119121186	-1.2703058436659465	-0.5697297179879759	2	5.768320995793772
rockys-fun-house-miniature-golf	0	2	7	53	185	0	0	1330	0.608299661766682	0.4401705211237107	-0.513985878037633	5	7.1929342212158
rotorzen-helicopters-3	0	5	79	60	365	0	1	7900	0.2784117500904402	-0.952353551876829	-0.15137495875668933	3	8.974618038455112
rusty-wallace-chicago-1	0	4	64	50	83	0	1	4480	0.19650478108602232	-1.4082844725951142	-0.3401313276974545	1	8.40737832540903
s-s-badger	0	6	149	54	74	0	1	1490	0.054218236661920896	-2.8589945266626193	-0.5051551707187668	1	7.306531398939505
s3-leagues	0	5	49	57	21	0	1	1960	0.1322119680342378	-1.881541028953813	-0.4792149679695973	1	7.580699752224563
s3-singles-social-sports-leagues-1	0	3	55	52	6	0	1	1650	0.21594557906352527	-1.2894520052413614	-0.49632446339990055	2	7.408530566894626
s3-singles-social-sports-leagues-chicago	0	3	55	52	8	0	1	6050	0.21713987344888108	-1.2824123181727485	-0.25348001213107985	2	8.707813551024888
school-product-yarn	0	4	25	50	123	0	1	4750	0.282455690378289	-0.932313011231227	-0.32522950909686776	3	8.465899897028686
seabreeze-charter-1	0	3	180	50	511	0	1	16200	0.36115711505910186	-0.5703454622614214	0.3067179834094952	4	9.692766521220475
seabreeze-charter-2	0	3	180	50	126	0	1	10800	0.12725114029605183	-1.925485222969439	0.008681611397760684	1	9.287301413112312
seacoast-sailing-boston	0	5	99	50	12	1	1	20790	0.12135909853329471	-1.9796223764845755	0.5600488996194695	1	9.942227380852058
seadog-cruises-chicago-4	0	4	16	47	94	0	1	80000	0.2822698598668734	-0.9332300857663722	3.827962526807395	3	11.289781913656018
serpent-safari	0	2	14	50	187	0	0	6860	0.601294021940444	0.41085978795037537	-0.20877455632931968	5	8.83346272071993
signature-segway-adventures	0	4	39	51	75	0	1	31980	0.22626505073670294	-1.2295222691698522	1.177646492732675	2	10.372865986387945
sky-zone-everett	0	5	12	50	35	0	1	12000	0.18866345565130663	-1.4587181726990925	0.07491191628925724	1	9.392661928770137
skyventure-new-hampshire-boston-3	0	6	55	42	107	0	1	55000	0.13708243457713584	-1.83973670846039	2.4481645082345507	1	10.915088464214607
skyventure-new-hampshire-ny	0	6	55	42	105	0	1	1650	0.13625182955705092	-1.8467763955290035	-0.49632446339990055	1	7.408530566894626
skyventure-ny	0	3	55	42	255	0	0	3300	0.5082368745281414	0.0329504790770627	-0.4052577941740928	5	8.101677747454572
spins-bowl-llc-1	0	3	19	60	189	0	1	1710	0.4014521054365226	-0.3994183089329021	-0.4930129481553257	5	7.444248649496705
sportations-chicago-2	0	4	139	50	375	0	1	13900	0.26404242196630734	-1.0250626990230387	0.17977656570079345	2	9.539644119118783
sportations-chicago-4	0	3	139	47	367	0	1	8340	0.3315845842696364	-0.7010269268384337	-0.12709051362980725	4	9.028818495352793
sportations-chicago-5	0	3	149	47	368	0	0	10430	0.3972697437133585	-0.41685425530839615	-0.01173939927711742	5	9.252441547994819
sportations-new-york-1	0	4	149	49	365	0	1	25330	0.2426385776669895	-1.1382675783767315	0.8106202197922981	2	10.13974474299572
sportations-nyc-1	0	4	139	50	367	0	0	26410	0.3347841420898745	-0.6866256141757022	0.8702274941946451	4	10.181498005291179
stardust-bowl-ii	0	3	19	69	125	0	1	19000	0.3326736238132006	-0.696117345167397	0.4612553614896538	4	9.852194258148577
suevel-studios-2	0	3	30	50	274	0	1	10200	0.4711811510852808	-0.1154033030012022	-0.024433541047987593	5	9.230142999272362
suevel-studios-chicago-1	0	3	30	50	187	0	0	4800	0.4862450071584938	-0.05503385736408237	-0.3224699130597221	5	8.476371196895983
sun-aero-helicopters-3	0	6	99	40	365	0	1	29700	0.21519457922574267	-1.2938931769330966	1.0518089134388315	2	10.298902324790792
sun-aero-helicopters-inc-chicago	0	5	99	40	370	0	1	22770	0.2793055087439001	-0.9479091221487985	0.6693289026904389	3	10.033199159057785
tall-ship-adventures-of-chicago-2	0	4	15	50	83	0	1	15000	0.271472654489105	-0.9871637474774302	0.24048767851799863	2	9.615805480084347
tall-ship-red-witch-llc	0	3	67	51	123	0	1	10050	0.27431770701285174	-0.9728253567633353	-0.032712329159424666	3	9.215327913487222
taltree-arboretum-gardens-1	0	3	20	50	66	0	0	5000	0.40251617741310747	-0.3949919198891163	-0.31143152891113934	5	8.517193191416238
taste-of-allston-1	0	5	20	50	4	0	1	2600	0.1629299061588634	-1.6365877263634416	-0.44389213869413247	1	7.8632667240095735
team-combat-live	0	3	79	51	122	0	1	2370	0.2536050389527038	-1.079476806448911	-0.4565862804650026	2	7.7706452341291765
the-badlandz-paintball-field-3	0	3	46	52	111	0	1	3220	0.301004365367894	-0.8425197295257226	-0.4096731478335259	3	8.077136638538454
the-bloomfield-school	0	4	75	63	122	0	1	6750	0.18713676267158982	-1.468723174896422	-0.21484566761104018	1	8.817297783866575
the-butterfly-place-boston	0	4	12	50	264	0	0	12000	0.5105750894477308	0.04230666689165928	0.07491191628925724	5	9.392661928770137
the-copacabana	0	5	59	58	185	1	0	47790	0.3265536500181726	-0.7238140803469694	2.050230759678142	3	10.774571691572204
the-gladiator-assault-challenge-chicago	0	3	49	59	48	0	1	18130	0.24129208545293376	-1.145608701532867	0.41323839044331884	2	9.805323303748898
the-murder-mystery-company-30	0	4	29	52	95	0	1	16820	0.25329432332687896	-1.0811189544730944	0.3409369742701017	2	9.73032393352694
the-new-york-botanical-garden-2	0	4	10	50	64	0	0	5300	0.3442360136597527	-0.6444734389444372	-0.2948739526882652	4	8.575462099540212
the-nonverbal-group	0	5	29	71	363	0	1	8410	0.3504685267183809	-0.6169803855848907	-0.12322707917780329	4	9.037176752966994
the-northwest-passage-3	0	3	29	52	368	0	1	17110	0.5518586299440988	0.2081831675053569	0.35694263128554676	5	9.747418366886238
the-original-tremont-tearoom-boston-1	0	4	29	52	190	1	0	17690	0.48191248529924435	-0.07238164349191345	0.38895394531643673	5	9.780754787153832
the-pink-sneaker	0	3	29	55	185	0	0	2610	0.47672631820640365	-0.09316204949724353	-0.4433402194867033	5	7.867105500316739
two-brothers-farm	0	4	10	50	185	0	1	300	0.35774425891568906	-0.5851682044151345	-0.5708335564028342	4	5.703782474656201
unlimited-biking	0	5	49	51	184	0	1	980	0.22094167428909567	-1.260187166169263	-0.5333030502976528	2	6.887552571664617
urban-dare-3	0	3	45	50	32	0	0	10800	0.32529916625857375	-0.7295241128706833	0.008681611397760684	3	9.287301413112312
urban-dare-7	0	4	45	50	5	1	0	2700	0.30044317699632955	-0.8451883833094541	-0.43837294661984105	3	7.90100705199242
urban-dare-nyc	0	4	45	50	29	0	1	6750	0.19231083170003005	-1.4350643137081573	-0.21484566761104018	1	8.817297783866575
us-rafting-2	0	5	49	62	230	1	1	47530	0.29362969187264054	-0.8778201937606288	2.0358808602849847	3	10.769116369608055
valastro-international-academy	0	3	39	72	189	1	0	39000	0.5019522707417995	0.007809122651873786	1.5650937763479298	5	10.571316925111784
vertical-dreams-1	0	5	39	65	178	0	1	6240	0.21307728892742553	-1.3064750778650744	-0.24299354718992622	2	8.738735461363474
vertical-dreams-2	0	4	39	65	172	1	1	3900	0.33370993307311236	-0.6914529598578767	-0.3721426417283445	4	8.268731832117737
victoria-mansion-1	0	5	15	50	78	0	1	300	0.2086391584938777	-1.333147802261729	-0.5708335564028342	2	5.703782474656201
victory-archers-2	0	3	10	50	184	0	1	7500	0.4352891737185915	-0.2603032108366752	-0.17345172705385484	5	8.922658299524402
victory-archers-new-york	0	4	10	50	187	0	0	3500	0.44731314342840867	-0.2115326842247324	-0.39421941002551003	5	8.160518247477505
vintage-bicycle-tours-1	0	3	75	53	151	0	1	2250	0.2770990352817269	-0.9588972641344595	-0.4632093109541523	3	7.718685495198466
waterfront-enterprises-parent	0	5	25	42	79	0	1	25000	0.20553077431878727	-1.3520784749300345	0.7924068859471366	2	10.126631103850338
wateriders	0	3	24	52	176	0	1	15120	0.39540331888029917	-0.4246552885184704	0.2471107090071483	5	9.623773649733524
wateriders-1	0	3	119	54	112	0	1	26180	0.18508676299037313	-1.4822569456425003	0.8575333524237748	1	10.172751039463892
wecyclenyc	0	4	12	52	97	0	1	720	0.28333548835617106	-0.927976158690183	-0.5476529496908104	3	6.579251212010101
whitewater-challengers-9	0	5	45	54	164	0	1	7650	0.21081554530095734	-1.3200165181512626	-0.16517293894241777	2	8.942460926820582
world-domination-events	0	8	149	67	52	0	1	22350	0.024212494221515612	-3.6963760531434935	0.646148295978415	1	10.014581600041716
xtreme-xperience-chicago	0	4	159	60	29	0	1	20670	0.0762671792321093	-2.4941801832995245	0.5534258691303199	1	9.936438652675815
your-neighborhood-theatre	0	4	19	51	187	0	1	19000	0.3399731699780464	-0.6634137830754046	0.4612553614896538	4	9.852194258148577
yu-kids-island	0	3	28	53	99	0	1	22960	0.3234422990652163	-0.7379970038259275	0.6798153676315924	3	10.041508850433503
